 #
 # Subroutine ELSEPA. Elastic scattering of electrons and positrons
 #                    by neutral atoms and positive ions
 #
 # Projectile: electron
 # Kinetic energy = 1.00000E+02 eV = 3.67493E+00 a.u.
 #
 # Element: Hg,  Z =  80,  atomic weight = 2.00590E+02 g/mol
 #
 # Nuclear model: Fermi distribution
 #                Average radius = 6.26355E-13 cm
 #                Skin thickness = 5.46000E-14 cm
 #
 # Number of electrons = 80
 #
 # Electron density: Read from file ./database/z_080.den                                                                                                    
 #                   Number of data points =  763
 #                   Volume integral = 8.00000E+01
 #
 # Furness-McCarthy exchange potential
 #
 # LDA-I absorption potential (only electron-hole excitations):
 #                           Delta = 4.67000E+00 eV
 #                            Aabs = 2.00000E+00
 #
 # Correlation-polarization potential (LDA):
 #                           Alpha = 5.10000E-24 cm**3
 #                            Bpol = 1.76777E+00
 #
 # Integrated cross sections:
 # Total elastic cross section = 8.90502E-16 cm**2 = 3.18004E+01 a0**2
 # 1st transport cross section = 1.47125E-16 cm**2 = 5.25395E+00 a0**2
 # 2nd transport cross section = 2.58174E-16 cm**2 = 9.21956E+00 a0**2
 #
 #    Absorption cross section = 4.04542E-16 cm**2 = 1.44465E+01 a0**2
 #   Grand total cross section = 1.29507E-15 cm**2 = 4.62479E+01 a0**2
 #
 #
 # Differential cross section:                       MU=(1-COS(THETA))/2
 #
 #  THETA        MU          DCS          DCS        Sherman      error
 #  (deg)                 (cm**2/sr)   (a0**2/sr)    function
 #----------------------------------------------------------------------
  0.000E+00  0.00000E+00  5.88005E-15  2.09981E+02  0.00000E+00  6.6E-07
  1.000E-04  7.61557E-13  5.88005E-15  2.09981E+02 -6.28065E-09  6.6E-07
  1.250E-04  1.18994E-12  5.88005E-15  2.09981E+02 -7.85082E-09  6.6E-07
  1.500E-04  1.71346E-12  5.88005E-15  2.09981E+02 -9.42098E-09  6.6E-07
  1.750E-04  2.33225E-12  5.88005E-15  2.09981E+02 -1.09911E-08  6.6E-07
  2.000E-04  3.04617E-12  5.88005E-15  2.09981E+02 -1.25613E-08  6.6E-07
  2.250E-04  3.85530E-12  5.88005E-15  2.09981E+02 -1.41315E-08  6.6E-07
  2.500E-04  4.75964E-12  5.88005E-15  2.09981E+02 -1.57016E-08  6.6E-07
  2.750E-04  5.75917E-12  5.88005E-15  2.09981E+02 -1.72718E-08  6.6E-07
  3.000E-04  6.85391E-12  5.88005E-15  2.09981E+02 -1.88420E-08  6.6E-07
  3.250E-04  8.04379E-12  5.88005E-15  2.09981E+02 -2.04121E-08  6.6E-07
  3.500E-04  9.32893E-12  5.88005E-15  2.09981E+02 -2.19823E-08  6.6E-07
  3.750E-04  1.07092E-11  5.88005E-15  2.09981E+02 -2.35524E-08  6.6E-07
  4.000E-04  1.21847E-11  5.88005E-15  2.09981E+02 -2.51226E-08  6.6E-07
  4.250E-04  1.37554E-11  5.88005E-15  2.09981E+02 -2.66928E-08  6.6E-07
  4.500E-04  1.54213E-11  5.88005E-15  2.09981E+02 -2.82629E-08  6.6E-07
  4.750E-04  1.71823E-11  5.88005E-15  2.09981E+02 -2.98331E-08  6.6E-07
  5.000E-04  1.90386E-11  5.88005E-15  2.09981E+02 -3.14033E-08  6.6E-07
  5.250E-04  2.09900E-11  5.88005E-15  2.09981E+02 -3.29734E-08  6.6E-07
  5.500E-04  2.30367E-11  5.88005E-15  2.09981E+02 -3.45436E-08  6.6E-07
  5.750E-04  2.51785E-11  5.88005E-15  2.09981E+02 -3.61138E-08  6.6E-07
  6.000E-04  2.74156E-11  5.88005E-15  2.09981E+02 -3.76839E-08  6.6E-07
  6.250E-04  2.97478E-11  5.88005E-15  2.09981E+02 -3.92541E-08  6.6E-07
  6.500E-04  3.21752E-11  5.88005E-15  2.09981E+02 -4.08242E-08  6.6E-07
  6.750E-04  3.46979E-11  5.88005E-15  2.09981E+02 -4.23944E-08  6.6E-07
  7.000E-04  3.73157E-11  5.88005E-15  2.09981E+02 -4.39646E-08  6.6E-07
  7.250E-04  4.00286E-11  5.88005E-15  2.09981E+02 -4.55347E-08  6.6E-07
  7.500E-04  4.28368E-11  5.88005E-15  2.09980E+02 -4.71049E-08  6.6E-07
  7.750E-04  4.57402E-11  5.88005E-15  2.09980E+02 -4.86750E-08  6.6E-07
  8.000E-04  4.87388E-11  5.88005E-15  2.09980E+02 -5.02452E-08  6.6E-07
  8.250E-04  5.18325E-11  5.88005E-15  2.09980E+02 -5.18154E-08  6.6E-07
  8.500E-04  5.50215E-11  5.88005E-15  2.09980E+02 -5.33855E-08  6.6E-07
  8.750E-04  5.83057E-11  5.88005E-15  2.09980E+02 -5.49557E-08  6.6E-07
  9.000E-04  6.16850E-11  5.88005E-15  2.09980E+02 -5.65259E-08  6.6E-07
  9.250E-04  6.51595E-11  5.88005E-15  2.09980E+02 -5.80960E-08  6.6E-07
  9.500E-04  6.87293E-11  5.88005E-15  2.09980E+02 -5.96662E-08  6.6E-07
  9.750E-04  7.23943E-11  5.88005E-15  2.09980E+02 -6.12363E-08  6.6E-07
  1.000E-03  7.61544E-11  5.88005E-15  2.09980E+02 -6.28065E-08  6.6E-07
  1.250E-03  1.18991E-10  5.88005E-15  2.09980E+02 -7.85081E-08  6.6E-07
  1.500E-03  1.71347E-10  5.88005E-15  2.09980E+02 -9.42097E-08  6.6E-07
  1.750E-03  2.33223E-10  5.88005E-15  2.09980E+02 -1.09911E-07  6.6E-07
  2.000E-03  3.04617E-10  5.88005E-15  2.09980E+02 -1.25613E-07  6.6E-07
  2.250E-03  3.85531E-10  5.88005E-15  2.09980E+02 -1.41314E-07  6.6E-07
  2.500E-03  4.75965E-10  5.88005E-15  2.09980E+02 -1.57016E-07  6.6E-07
  2.750E-03  5.75917E-10  5.88004E-15  2.09980E+02 -1.72717E-07  6.6E-07
  3.000E-03  6.85389E-10  5.88004E-15  2.09980E+02 -1.88419E-07  6.6E-07
  3.250E-03  8.04380E-10  5.88004E-15  2.09980E+02 -2.04120E-07  6.6E-07
  3.500E-03  9.32891E-10  5.88004E-15  2.09980E+02 -2.19821E-07  6.6E-07
  3.750E-03  1.07092E-09  5.88004E-15  2.09980E+02 -2.35523E-07  6.6E-07
  4.000E-03  1.21847E-09  5.88003E-15  2.09980E+02 -2.51224E-07  6.6E-07
  4.250E-03  1.37554E-09  5.88003E-15  2.09980E+02 -2.66925E-07  6.6E-07
  4.500E-03  1.54213E-09  5.88003E-15  2.09980E+02 -2.82626E-07  6.6E-07
  4.750E-03  1.71823E-09  5.88003E-15  2.09980E+02 -2.98327E-07  6.6E-07
  5.000E-03  1.90386E-09  5.88002E-15  2.09979E+02 -3.14028E-07  6.6E-07
  5.250E-03  2.09900E-09  5.88002E-15  2.09979E+02 -3.29729E-07  6.6E-07
  5.500E-03  2.30367E-09  5.88002E-15  2.09979E+02 -3.45430E-07  6.6E-07
  5.750E-03  2.51785E-09  5.88001E-15  2.09979E+02 -3.61131E-07  6.6E-07
  6.000E-03  2.74156E-09  5.88001E-15  2.09979E+02 -3.76831E-07  6.6E-07
  6.250E-03  2.97478E-09  5.88001E-15  2.09979E+02 -3.92532E-07  6.6E-07
  6.500E-03  3.21752E-09  5.88000E-15  2.09979E+02 -4.08233E-07  6.6E-07
  6.750E-03  3.46978E-09  5.88000E-15  2.09979E+02 -4.23933E-07  6.6E-07
  7.000E-03  3.73156E-09  5.87999E-15  2.09978E+02 -4.39633E-07  6.6E-07
  7.250E-03  4.00286E-09  5.87999E-15  2.09978E+02 -4.55334E-07  6.6E-07
  7.500E-03  4.28368E-09  5.87998E-15  2.09978E+02 -4.71034E-07  6.6E-07
  7.750E-03  4.57402E-09  5.87998E-15  2.09978E+02 -4.86734E-07  6.6E-07
  8.000E-03  4.87388E-09  5.87998E-15  2.09978E+02 -5.02434E-07  6.6E-07
  8.250E-03  5.18326E-09  5.87997E-15  2.09978E+02 -5.18134E-07  6.6E-07
  8.500E-03  5.50215E-09  5.87997E-15  2.09977E+02 -5.33833E-07  6.6E-07
  8.750E-03  5.83057E-09  5.87996E-15  2.09977E+02 -5.49533E-07  6.6E-07
  9.000E-03  6.16850E-09  5.87995E-15  2.09977E+02 -5.65232E-07  6.6E-07
  9.250E-03  6.51596E-09  5.87995E-15  2.09977E+02 -5.80932E-07  6.6E-07
  9.500E-03  6.87293E-09  5.87994E-15  2.09977E+02 -5.96631E-07  6.6E-07
  9.750E-03  7.23942E-09  5.87994E-15  2.09976E+02 -6.12330E-07  6.6E-07
  1.000E-02  7.61544E-09  5.87993E-15  2.09976E+02 -6.28029E-07  6.6E-07
  1.250E-02  1.18991E-08  5.87986E-15  2.09974E+02 -7.85011E-07  6.6E-07
  1.500E-02  1.71347E-08  5.87978E-15  2.09971E+02 -9.41976E-07  6.6E-07
  1.750E-02  2.33223E-08  5.87968E-15  2.09967E+02 -1.09892E-06  6.6E-07
  2.000E-02  3.04617E-08  5.87956E-15  2.09963E+02 -1.25584E-06  6.5E-07
  2.250E-02  3.85531E-08  5.87943E-15  2.09958E+02 -1.41273E-06  6.5E-07
  2.500E-02  4.75965E-08  5.87929E-15  2.09953E+02 -1.56960E-06  6.5E-07
  2.750E-02  5.75917E-08  5.87913E-15  2.09947E+02 -1.72643E-06  6.5E-07
  3.000E-02  6.85389E-08  5.87895E-15  2.09941E+02 -1.88322E-06  6.5E-07
  3.250E-02  8.04380E-08  5.87876E-15  2.09934E+02 -2.03997E-06  6.5E-07
  3.500E-02  9.32891E-08  5.87855E-15  2.09927E+02 -2.19667E-06  6.5E-07
  3.750E-02  1.07092E-07  5.87833E-15  2.09919E+02 -2.35333E-06  6.4E-07
  4.000E-02  1.21847E-07  5.87810E-15  2.09911E+02 -2.50994E-06  6.4E-07
  4.250E-02  1.37554E-07  5.87784E-15  2.09902E+02 -2.66650E-06  6.4E-07
  4.500E-02  1.54213E-07  5.87758E-15  2.09892E+02 -2.82299E-06  6.4E-07
  4.750E-02  1.71823E-07  5.87730E-15  2.09882E+02 -2.97943E-06  6.4E-07
  5.000E-02  1.90386E-07  5.87700E-15  2.09871E+02 -3.13580E-06  6.3E-07
  5.250E-02  2.09900E-07  5.87669E-15  2.09860E+02 -3.29210E-06  6.3E-07
  5.500E-02  2.30367E-07  5.87636E-15  2.09849E+02 -3.44834E-06  6.3E-07
  5.750E-02  2.51785E-07  5.87602E-15  2.09836E+02 -3.60450E-06  6.3E-07
  6.000E-02  2.74156E-07  5.87566E-15  2.09824E+02 -3.76058E-06  6.2E-07
  6.250E-02  2.97478E-07  5.87529E-15  2.09810E+02 -3.91658E-06  6.2E-07
  6.500E-02  3.21752E-07  5.87490E-15  2.09796E+02 -4.07249E-06  6.2E-07
  6.750E-02  3.46978E-07  5.87450E-15  2.09782E+02 -4.22832E-06  6.1E-07
  7.000E-02  3.73156E-07  5.87408E-15  2.09767E+02 -4.38406E-06  6.1E-07
  7.250E-02  4.00286E-07  5.87365E-15  2.09752E+02 -4.53971E-06  6.1E-07
  7.500E-02  4.28368E-07  5.87320E-15  2.09736E+02 -4.69525E-06  6.0E-07
  7.750E-02  4.57402E-07  5.87274E-15  2.09719E+02 -4.85070E-06  6.0E-07
  8.000E-02  4.87388E-07  5.87227E-15  2.09702E+02 -5.00604E-06  5.9E-07
  8.250E-02  5.18325E-07  5.87178E-15  2.09685E+02 -5.16128E-06  5.9E-07
  8.500E-02  5.50215E-07  5.87127E-15  2.09667E+02 -5.31640E-06  5.9E-07
  8.750E-02  5.83057E-07  5.87075E-15  2.09648E+02 -5.47142E-06  5.8E-07
  9.000E-02  6.16850E-07  5.87022E-15  2.09629E+02 -5.62631E-06  5.8E-07
  9.250E-02  6.51596E-07  5.86967E-15  2.09610E+02 -5.78109E-06  5.7E-07
  9.500E-02  6.87293E-07  5.86910E-15  2.09590E+02 -5.93574E-06  5.7E-07
  9.750E-02  7.23942E-07  5.86853E-15  2.09569E+02 -6.09027E-06  5.7E-07
  1.000E-01  7.61543E-07  5.86793E-15  2.09548E+02 -6.24467E-06  5.6E-07
  1.250E-01  1.18991E-06  5.86124E-15  2.09309E+02 -7.78085E-06  5.1E-07
  1.500E-01  1.71347E-06  5.85316E-15  2.09020E+02 -9.30077E-06  4.5E-07
  1.750E-01  2.33223E-06  5.84378E-15  2.08685E+02 -1.08015E-05  3.8E-07
  2.000E-01  3.04617E-06  5.83316E-15  2.08306E+02 -1.22804E-05  3.1E-07
  2.250E-01  3.85531E-06  5.82138E-15  2.07885E+02 -1.37350E-05  2.3E-07
  2.500E-01  4.75964E-06  5.80853E-15  2.07426E+02 -1.51630E-05  1.6E-07
  2.750E-01  5.75916E-06  5.79471E-15  2.06933E+02 -1.65625E-05  1.0E-07
  3.000E-01  6.85388E-06  5.78001E-15  2.06408E+02 -1.79317E-05  1.0E-07
  3.250E-01  8.04378E-06  5.76452E-15  2.05855E+02 -1.92692E-05  1.0E-07
  3.500E-01  9.32888E-06  5.74836E-15  2.05278E+02 -2.05738E-05  1.1E-07
  3.750E-01  1.07092E-05  5.73161E-15  2.04679E+02 -2.18446E-05  1.6E-07
  4.000E-01  1.21846E-05  5.71436E-15  2.04064E+02 -2.30810E-05  2.1E-07
  4.250E-01  1.37553E-05  5.69672E-15  2.03434E+02 -2.42826E-05  2.4E-07
  4.500E-01  1.54212E-05  5.67877E-15  2.02793E+02 -2.54492E-05  2.6E-07
  4.750E-01  1.71822E-05  5.66059E-15  2.02143E+02 -2.65809E-05  2.7E-07
  5.000E-01  1.90385E-05  5.64226E-15  2.01489E+02 -2.76778E-05  2.7E-07
  5.250E-01  2.09899E-05  5.62384E-15  2.00831E+02 -2.87405E-05  2.6E-07
  5.500E-01  2.30365E-05  5.60539E-15  2.00172E+02 -2.97694E-05  2.4E-07
  5.750E-01  2.51783E-05  5.58698E-15  1.99515E+02 -3.07650E-05  2.1E-07
  6.000E-01  2.74153E-05  5.56864E-15  1.98860E+02 -3.17281E-05  1.7E-07
  6.250E-01  2.97475E-05  5.55041E-15  1.98209E+02 -3.26593E-05  1.3E-07
  6.500E-01  3.21749E-05  5.53233E-15  1.97563E+02 -3.35592E-05  1.0E-07
  6.750E-01  3.46974E-05  5.51442E-15  1.96924E+02 -3.44286E-05  1.0E-07
  7.000E-01  3.73152E-05  5.49669E-15  1.96290E+02 -3.52679E-05  1.0E-07
  7.250E-01  4.00281E-05  5.47915E-15  1.95664E+02 -3.60775E-05  1.0E-07
  7.500E-01  4.28362E-05  5.46181E-15  1.95045E+02 -3.68580E-05  1.0E-07
  7.750E-01  4.57395E-05  5.44467E-15  1.94433E+02 -3.76095E-05  1.3E-07
  8.000E-01  4.87380E-05  5.42771E-15  1.93827E+02 -3.83321E-05  1.6E-07
  8.250E-01  5.18317E-05  5.41094E-15  1.93228E+02 -3.90258E-05  1.8E-07
  8.500E-01  5.50205E-05  5.39433E-15  1.92635E+02 -3.96906E-05  2.0E-07
  8.750E-01  5.83045E-05  5.37788E-15  1.92048E+02 -4.03260E-05  2.1E-07
  9.000E-01  6.16838E-05  5.36157E-15  1.91465E+02 -4.09317E-05  2.1E-07
  9.250E-01  6.51582E-05  5.34538E-15  1.90887E+02 -4.15074E-05  2.0E-07
  9.500E-01  6.87277E-05  5.32930E-15  1.90313E+02 -4.20523E-05  1.8E-07
  9.750E-01  7.23925E-05  5.31330E-15  1.89741E+02 -4.25660E-05  1.6E-07
  1.000E+00  7.61524E-05  5.29737E-15  1.89173E+02 -4.30476E-05  1.3E-07
  1.100E+00  9.21439E-05  5.23414E-15  1.86915E+02 -4.46412E-05  1.0E-07
  1.200E+00  1.09658E-04  5.17127E-15  1.84670E+02 -4.56735E-05  1.3E-07
  1.300E+00  1.28695E-04  5.10867E-15  1.82434E+02 -4.61219E-05  1.8E-07
  1.400E+00  1.49255E-04  5.04662E-15  1.80218E+02 -4.59853E-05  1.1E-07
  1.500E+00  1.71338E-04  4.98554E-15  1.78037E+02 -4.52778E-05  1.0E-07
  1.600E+00  1.94942E-04  4.92572E-15  1.75900E+02 -4.40142E-05  1.2E-07
  1.700E+00  2.20070E-04  4.86720E-15  1.73811E+02 -4.21971E-05  1.6E-07
  1.800E+00  2.46720E-04  4.80981E-15  1.71762E+02 -3.98111E-05  1.0E-07
  1.900E+00  2.74892E-04  4.75331E-15  1.69744E+02 -3.68290E-05  1.0E-07
  2.000E+00  3.04586E-04  4.69748E-15  1.67750E+02 -3.32229E-05  1.1E-07
  2.100E+00  3.35803E-04  4.64224E-15  1.65778E+02 -2.89756E-05  1.4E-07
  2.200E+00  3.68542E-04  4.58766E-15  1.63828E+02 -2.40852E-05  1.0E-07
  2.300E+00  4.02802E-04  4.53386E-15  1.61907E+02 -1.85609E-05  1.0E-07
  2.400E+00  4.38585E-04  4.48095E-15  1.60018E+02 -1.24122E-05  1.1E-07
  2.500E+00  4.75889E-04  4.42896E-15  1.58161E+02 -5.63924E-06  1.4E-07
  2.600E+00  5.14715E-04  4.37783E-15  1.56335E+02  1.77118E-06  1.0E-07
  2.700E+00  5.55063E-04  4.32744E-15  1.54536E+02  9.84186E-06  1.0E-07
  2.800E+00  5.96931E-04  4.27768E-15  1.52759E+02  1.85958E-05  1.0E-07
  2.900E+00  6.40321E-04  4.22852E-15  1.51003E+02  2.80473E-05  1.3E-07
  3.000E+00  6.85233E-04  4.17996E-15  1.49269E+02  3.81980E-05  1.0E-07
  3.100E+00  7.31665E-04  4.13205E-15  1.47558E+02  4.90412E-05  1.0E-07
  3.200E+00  7.79618E-04  4.08484E-15  1.45872E+02  6.05698E-05  1.0E-07
  3.300E+00  8.29092E-04  4.03835E-15  1.44212E+02  7.27849E-05  1.2E-07
  3.400E+00  8.80086E-04  3.99254E-15  1.42576E+02  8.56987E-05  1.0E-07
  3.500E+00  9.32601E-04  3.94736E-15  1.40963E+02  9.93316E-05  1.0E-07
  3.600E+00  9.86636E-04  3.90274E-15  1.39369E+02  1.13704E-04  1.0E-07
  3.700E+00  1.04219E-03  3.85865E-15  1.37795E+02  1.28827E-04  1.2E-07
  3.800E+00  1.09927E-03  3.81508E-15  1.36239E+02  1.44703E-04  1.0E-07
  3.900E+00  1.15786E-03  3.77207E-15  1.34703E+02  1.61326E-04  1.0E-07
  4.000E+00  1.21797E-03  3.72962E-15  1.33187E+02  1.78690E-04  1.0E-07
  4.100E+00  1.27961E-03  3.68776E-15  1.31692E+02  1.96799E-04  1.1E-07
  4.200E+00  1.34276E-03  3.64647E-15  1.30218E+02  2.15664E-04  1.0E-07
  4.300E+00  1.40743E-03  3.60570E-15  1.28762E+02  2.35304E-04  1.0E-07
  4.400E+00  1.47362E-03  3.56541E-15  1.27323E+02  2.55737E-04  1.0E-07
  4.500E+00  1.54133E-03  3.52559E-15  1.25901E+02  2.76975E-04  1.1E-07
  4.600E+00  1.61056E-03  3.48623E-15  1.24495E+02  2.99018E-04  1.0E-07
  4.700E+00  1.68131E-03  3.44733E-15  1.23106E+02  3.21860E-04  1.0E-07
  4.800E+00  1.75357E-03  3.40891E-15  1.21734E+02  3.45498E-04  1.0E-07
  4.900E+00  1.82735E-03  3.37098E-15  1.20380E+02  3.69936E-04  1.1E-07
  5.000E+00  1.90265E-03  3.33352E-15  1.19042E+02  3.95185E-04  1.0E-07
  5.100E+00  1.97947E-03  3.29650E-15  1.17720E+02  4.21266E-04  1.0E-07
  5.200E+00  2.05780E-03  3.25991E-15  1.16413E+02  4.48196E-04  1.0E-07
  5.300E+00  2.13765E-03  3.22372E-15  1.15121E+02  4.75985E-04  1.1E-07
  5.400E+00  2.21902E-03  3.18792E-15  1.13843E+02  5.04633E-04  1.0E-07
  5.500E+00  2.30190E-03  3.15253E-15  1.12579E+02  5.34136E-04  1.0E-07
  5.600E+00  2.38630E-03  3.11754E-15  1.11329E+02  5.64490E-04  1.0E-07
  5.700E+00  2.47222E-03  3.08296E-15  1.10095E+02  5.95700E-04  1.0E-07
  5.800E+00  2.55965E-03  3.04879E-15  1.08874E+02  6.27780E-04  1.0E-07
  5.900E+00  2.64859E-03  3.01500E-15  1.07667E+02  6.60751E-04  1.0E-07
  6.000E+00  2.73905E-03  2.98157E-15  1.06474E+02  6.94629E-04  1.0E-07
  6.100E+00  2.83103E-03  2.94850E-15  1.05293E+02  7.29423E-04  1.0E-07
  6.200E+00  2.92452E-03  2.91577E-15  1.04124E+02  7.65135E-04  1.0E-07
  6.300E+00  3.01952E-03  2.88340E-15  1.02968E+02  8.01761E-04  1.0E-07
  6.400E+00  3.11604E-03  2.85137E-15  1.01824E+02  8.39297E-04  1.0E-07
  6.500E+00  3.21407E-03  2.81970E-15  1.00693E+02  8.77752E-04  1.0E-07
  6.600E+00  3.31362E-03  2.78837E-15  9.95746E+01  9.17140E-04  1.0E-07
  6.700E+00  3.41468E-03  2.75738E-15  9.84679E+01  9.57483E-04  1.0E-07
  6.800E+00  3.51725E-03  2.72671E-15  9.73727E+01  9.98797E-04  1.0E-07
  6.900E+00  3.62133E-03  2.69636E-15  9.62887E+01  1.04109E-03  1.0E-07
  7.000E+00  3.72692E-03  2.66631E-15  9.52156E+01  1.08437E-03  1.0E-07
  7.100E+00  3.83403E-03  2.63656E-15  9.41534E+01  1.12863E-03  1.0E-07
  7.200E+00  3.94265E-03  2.60713E-15  9.31023E+01  1.17386E-03  1.0E-07
  7.300E+00  4.05278E-03  2.57801E-15  9.20623E+01  1.22008E-03  1.0E-07
  7.400E+00  4.16442E-03  2.54919E-15  9.10331E+01  1.26730E-03  1.0E-07
  7.500E+00  4.27757E-03  2.52066E-15  9.00146E+01  1.31554E-03  1.0E-07
  7.600E+00  4.39223E-03  2.49243E-15  8.90063E+01  1.36483E-03  1.0E-07
  7.700E+00  4.50840E-03  2.46447E-15  8.80079E+01  1.41518E-03  1.0E-07
  7.800E+00  4.62608E-03  2.43679E-15  8.70194E+01  1.46658E-03  1.0E-07
  7.900E+00  4.74527E-03  2.40938E-15  8.60406E+01  1.51903E-03  1.0E-07
  8.000E+00  4.86597E-03  2.38225E-15  8.50717E+01  1.57254E-03  1.0E-07
  8.100E+00  4.98817E-03  2.35539E-15  8.41126E+01  1.62711E-03  1.0E-07
  8.200E+00  5.11188E-03  2.32881E-15  8.31632E+01  1.68276E-03  1.0E-07
  8.300E+00  5.23711E-03  2.30249E-15  8.22233E+01  1.73952E-03  1.0E-07
  8.400E+00  5.36383E-03  2.27643E-15  8.12927E+01  1.79741E-03  1.0E-07
  8.500E+00  5.49207E-03  2.25062E-15  8.03711E+01  1.85643E-03  1.0E-07
  8.600E+00  5.62181E-03  2.22506E-15  7.94584E+01  1.91660E-03  1.0E-07
  8.700E+00  5.75306E-03  2.19975E-15  7.85545E+01  1.97790E-03  1.0E-07
  8.800E+00  5.88581E-03  2.17469E-15  7.76596E+01  2.04034E-03  1.0E-07
  8.900E+00  6.02007E-03  2.14988E-15  7.67736E+01  2.10394E-03  1.0E-07
  9.000E+00  6.15583E-03  2.12531E-15  7.58963E+01  2.16870E-03  1.0E-07
  9.100E+00  6.29310E-03  2.10099E-15  7.50277E+01  2.23467E-03  1.0E-07
  9.200E+00  6.43187E-03  2.07690E-15  7.41676E+01  2.30186E-03  1.0E-07
  9.300E+00  6.57214E-03  2.05305E-15  7.33158E+01  2.37028E-03  1.0E-07
  9.400E+00  6.71392E-03  2.02943E-15  7.24721E+01  2.43995E-03  1.0E-07
  9.500E+00  6.85720E-03  2.00603E-15  7.16366E+01  2.51084E-03  1.0E-07
  9.600E+00  7.00198E-03  1.98286E-15  7.08093E+01  2.58297E-03  1.0E-07
  9.700E+00  7.14827E-03  1.95992E-15  6.99901E+01  2.65635E-03  1.0E-07
  9.800E+00  7.29605E-03  1.93721E-15  6.91790E+01  2.73101E-03  1.0E-07
  9.900E+00  7.44534E-03  1.91472E-15  6.83759E+01  2.80697E-03  1.0E-07
  1.000E+01  7.59612E-03  1.89245E-15  6.75806E+01  2.88427E-03  1.0E-07
  1.025E+01  7.97965E-03  1.83771E-15  6.56258E+01  3.08340E-03  1.0E-07
  1.050E+01  8.37255E-03  1.78429E-15  6.37183E+01  3.29094E-03  1.0E-07
  1.075E+01  8.77480E-03  1.73219E-15  6.18577E+01  3.50720E-03  1.0E-07
  1.100E+01  9.18641E-03  1.68136E-15  6.00424E+01  3.73255E-03  1.0E-07
  1.125E+01  9.60736E-03  1.63177E-15  5.82716E+01  3.96708E-03  1.0E-07
  1.150E+01  1.00376E-02  1.58341E-15  5.65448E+01  4.21102E-03  1.0E-07
  1.175E+01  1.04773E-02  1.53626E-15  5.48608E+01  4.46484E-03  1.0E-07
  1.200E+01  1.09262E-02  1.49028E-15  5.32188E+01  4.72869E-03  1.0E-07
  1.225E+01  1.13844E-02  1.44546E-15  5.16183E+01  5.00275E-03  1.0E-07
  1.250E+01  1.18520E-02  1.40178E-15  5.00584E+01  5.28754E-03  1.0E-07
  1.275E+01  1.23288E-02  1.35921E-15  4.85383E+01  5.58329E-03  1.0E-07
  1.300E+01  1.28150E-02  1.31774E-15  4.70574E+01  5.89015E-03  1.0E-07
  1.325E+01  1.33104E-02  1.27735E-15  4.56151E+01  6.20864E-03  1.0E-07
  1.350E+01  1.38150E-02  1.23802E-15  4.42105E+01  6.53911E-03  1.0E-07
  1.375E+01  1.43290E-02  1.19973E-15  4.28431E+01  6.88166E-03  1.0E-07
  1.400E+01  1.48521E-02  1.16246E-15  4.15123E+01  7.23679E-03  1.1E-07
  1.425E+01  1.53845E-02  1.12620E-15  4.02174E+01  7.60498E-03  1.0E-07
  1.450E+01  1.59262E-02  1.09092E-15  3.89576E+01  7.98632E-03  1.0E-07
  1.475E+01  1.64770E-02  1.05662E-15  3.77326E+01  8.38125E-03  1.0E-07
  1.500E+01  1.70371E-02  1.02326E-15  3.65414E+01  8.79038E-03  1.0E-07
  1.525E+01  1.76063E-02  9.90844E-16  3.53837E+01  9.21380E-03  1.0E-07
  1.550E+01  1.81848E-02  9.59340E-16  3.42587E+01  9.65188E-03  1.0E-07
  1.575E+01  1.87724E-02  9.28736E-16  3.31658E+01  1.01053E-02  1.0E-07
  1.600E+01  1.93692E-02  8.99013E-16  3.21043E+01  1.05743E-02  1.1E-07
  1.625E+01  1.99751E-02  8.70155E-16  3.10738E+01  1.10590E-02  1.0E-07
  1.650E+01  2.05901E-02  8.42144E-16  3.00735E+01  1.15602E-02  1.0E-07
  1.675E+01  2.12143E-02  8.14963E-16  2.91028E+01  1.20782E-02  1.1E-07
  1.700E+01  2.18476E-02  7.88594E-16  2.81612E+01  1.26132E-02  1.0E-07
  1.725E+01  2.24900E-02  7.63021E-16  2.72480E+01  1.31658E-02  1.1E-07
  1.750E+01  2.31415E-02  7.38226E-16  2.63625E+01  1.37364E-02  1.0E-07
  1.775E+01  2.38021E-02  7.14191E-16  2.55042E+01  1.43252E-02  1.0E-07
  1.800E+01  2.44717E-02  6.90900E-16  2.46725E+01  1.49327E-02  1.2E-07
  1.825E+01  2.51504E-02  6.68336E-16  2.38667E+01  1.55597E-02  1.0E-07
  1.850E+01  2.58382E-02  6.46481E-16  2.30863E+01  1.62059E-02  1.0E-07
  1.875E+01  2.65349E-02  6.25319E-16  2.23305E+01  1.68719E-02  1.2E-07
  1.900E+01  2.72407E-02  6.04832E-16  2.15989E+01  1.75586E-02  1.0E-07
  1.925E+01  2.79555E-02  5.85004E-16  2.08909E+01  1.82658E-02  1.1E-07
  1.950E+01  2.86793E-02  5.65819E-16  2.02058E+01  1.89938E-02  1.0E-07
  1.975E+01  2.94120E-02  5.47259E-16  1.95430E+01  1.97435E-02  1.0E-07
  2.000E+01  3.01537E-02  5.29309E-16  1.89020E+01  2.05150E-02  1.3E-07
  2.025E+01  3.09043E-02  5.11953E-16  1.82822E+01  2.13082E-02  1.0E-07
  2.050E+01  3.16639E-02  4.95173E-16  1.76830E+01  2.21241E-02  1.0E-07
  2.075E+01  3.24324E-02  4.78955E-16  1.71038E+01  2.29628E-02  1.3E-07
  2.100E+01  3.32098E-02  4.63284E-16  1.65442E+01  2.38241E-02  1.0E-07
  2.125E+01  3.39961E-02  4.48142E-16  1.60034E+01  2.47088E-02  1.1E-07
  2.150E+01  3.47912E-02  4.33515E-16  1.54811E+01  2.56172E-02  1.1E-07
  2.175E+01  3.55952E-02  4.19389E-16  1.49766E+01  2.65490E-02  1.0E-07
  2.200E+01  3.64081E-02  4.05747E-16  1.44895E+01  2.75047E-02  1.3E-07
  2.225E+01  3.72297E-02  3.92576E-16  1.40191E+01  2.84849E-02  1.0E-07
  2.250E+01  3.80602E-02  3.79861E-16  1.35651E+01  2.94891E-02  1.0E-07
  2.275E+01  3.88995E-02  3.67589E-16  1.31268E+01  3.05173E-02  1.4E-07
  2.300E+01  3.97476E-02  3.55745E-16  1.27039E+01  3.15706E-02  1.0E-07
  2.325E+01  4.06044E-02  3.44315E-16  1.22957E+01  3.26483E-02  1.1E-07
  2.350E+01  4.14700E-02  3.33288E-16  1.19019E+01  3.37501E-02  1.3E-07
  2.375E+01  4.23443E-02  3.22649E-16  1.15220E+01  3.48770E-02  1.0E-07
  2.400E+01  4.32273E-02  3.12386E-16  1.11555E+01  3.60285E-02  1.4E-07
  2.425E+01  4.41190E-02  3.02487E-16  1.08020E+01  3.72040E-02  1.0E-07
  2.450E+01  4.50194E-02  2.92939E-16  1.04610E+01  3.84043E-02  1.0E-07
  2.475E+01  4.59284E-02  2.83730E-16  1.01322E+01  3.96291E-02  1.5E-07
  2.500E+01  4.68461E-02  2.74850E-16  9.81507E+00  4.08775E-02  1.0E-07
  2.550E+01  4.87074E-02  2.58028E-16  9.21435E+00  4.34464E-02  1.4E-07
  2.600E+01  5.06030E-02  2.42387E-16  8.65580E+00  4.61081E-02  1.4E-07
  2.650E+01  5.25328E-02  2.27843E-16  8.13641E+00  4.88615E-02  1.0E-07
  2.700E+01  5.44967E-02  2.14320E-16  7.65349E+00  5.17018E-02  1.0E-07
  2.750E+01  5.64946E-02  2.01742E-16  7.20434E+00  5.46256E-02  1.6E-07
  2.800E+01  5.85262E-02  1.90043E-16  6.78654E+00  5.76292E-02  1.4E-07
  2.850E+01  6.05914E-02  1.79156E-16  6.39777E+00  6.07057E-02  1.0E-07
  2.900E+01  6.26901E-02  1.69020E-16  6.03583E+00  6.38515E-02  1.0E-07
  2.950E+01  6.48222E-02  1.59581E-16  5.69875E+00  6.70593E-02  1.7E-07
  3.000E+01  6.69873E-02  1.50784E-16  5.38458E+00  7.03224E-02  1.4E-07
  3.050E+01  6.91854E-02  1.42579E-16  5.09160E+00  7.36353E-02  1.0E-07
  3.100E+01  7.14163E-02  1.34922E-16  4.81817E+00  7.69887E-02  1.1E-07
  3.150E+01  7.36799E-02  1.27769E-16  4.56272E+00  8.03765E-02  1.8E-07
  3.200E+01  7.59760E-02  1.21082E-16  4.32392E+00  8.37903E-02  1.4E-07
  3.250E+01  7.83043E-02  1.14822E-16  4.10038E+00  8.72212E-02  1.0E-07
  3.300E+01  8.06647E-02  1.08958E-16  3.89096E+00  9.06623E-02  1.3E-07
  3.350E+01  8.30571E-02  1.03457E-16  3.69453E+00  9.41036E-02  1.9E-07
  3.400E+01  8.54812E-02  9.82909E-17  3.51003E+00  9.75371E-02  1.4E-07
  3.450E+01  8.79369E-02  9.34346E-17  3.33661E+00  1.00954E-01  1.0E-07
  3.500E+01  9.04240E-02  8.88617E-17  3.17331E+00  1.04344E-01  1.4E-07
  3.550E+01  9.29422E-02  8.45522E-17  3.01941E+00  1.07699E-01  2.0E-07
  3.600E+01  9.54915E-02  8.04854E-17  2.87418E+00  1.11009E-01  1.3E-07
  3.650E+01  9.80716E-02  7.66418E-17  2.73693E+00  1.14262E-01  1.0E-07
  3.700E+01  1.00682E-01  7.30069E-17  2.60712E+00  1.17450E-01  1.6E-07
  3.750E+01  1.03323E-01  6.95632E-17  2.48415E+00  1.20561E-01  2.0E-07
  3.800E+01  1.05995E-01  6.62984E-17  2.36756E+00  1.23582E-01  1.2E-07
  3.850E+01  1.08696E-01  6.31998E-17  2.25691E+00  1.26501E-01  1.0E-07
  3.900E+01  1.11427E-01  6.02551E-17  2.15175E+00  1.29306E-01  1.8E-07
  3.950E+01  1.14188E-01  5.74558E-17  2.05178E+00  1.31980E-01  2.1E-07
  4.000E+01  1.16978E-01  5.47911E-17  1.95663E+00  1.34509E-01  1.1E-07
  4.050E+01  1.19797E-01  5.22539E-17  1.86602E+00  1.36874E-01  1.0E-07
  4.100E+01  1.22645E-01  4.98364E-17  1.77969E+00  1.39058E-01  1.9E-07
  4.150E+01  1.25522E-01  4.75317E-17  1.69739E+00  1.41039E-01  2.1E-07
  4.200E+01  1.28428E-01  4.53344E-17  1.61892E+00  1.42795E-01  1.0E-07
  4.250E+01  1.31361E-01  4.32388E-17  1.54408E+00  1.44302E-01  1.0E-07
  4.300E+01  1.34323E-01  4.12402E-17  1.47272E+00  1.45533E-01  2.1E-07
  4.350E+01  1.37313E-01  3.93344E-17  1.40466E+00  1.46459E-01  2.1E-07
  4.400E+01  1.40330E-01  3.75178E-17  1.33979E+00  1.47047E-01  1.0E-07
  4.450E+01  1.43375E-01  3.57863E-17  1.27795E+00  1.47266E-01  1.0E-07
  4.500E+01  1.46447E-01  3.41377E-17  1.21908E+00  1.47076E-01  2.2E-07
  4.550E+01  1.49545E-01  3.25685E-17  1.16304E+00  1.46442E-01  2.1E-07
  4.600E+01  1.52671E-01  3.10762E-17  1.10975E+00  1.45321E-01  1.0E-07
  4.650E+01  1.55823E-01  2.96592E-17  1.05915E+00  1.43669E-01  1.1E-07
  4.700E+01  1.59001E-01  2.83140E-17  1.01111E+00  1.41446E-01  2.3E-07
  4.750E+01  1.62205E-01  2.70400E-17  9.65615E-01  1.38601E-01  2.1E-07
  4.800E+01  1.65435E-01  2.58343E-17  9.22558E-01  1.35093E-01  1.0E-07
  4.850E+01  1.68690E-01  2.46954E-17  8.81888E-01  1.30875E-01  1.3E-07
  4.900E+01  1.71970E-01  2.36219E-17  8.43554E-01  1.25902E-01  2.4E-07
  4.950E+01  1.75276E-01  2.26115E-17  8.07470E-01  1.20139E-01  2.1E-07
  5.000E+01  1.78606E-01  2.16632E-17  7.73608E-01  1.13544E-01  1.0E-07
  5.050E+01  1.81961E-01  2.07750E-17  7.41887E-01  1.06089E-01  1.5E-07
  5.100E+01  1.85340E-01  1.99453E-17  7.12259E-01  9.77537E-02  2.5E-07
  5.150E+01  1.88743E-01  1.91727E-17  6.84669E-01  8.85191E-02  2.0E-07
  5.200E+01  1.92169E-01  1.84554E-17  6.59054E-01  7.83891E-02  1.0E-07
  5.250E+01  1.95619E-01  1.77918E-17  6.35357E-01  6.73704E-02  1.6E-07
  5.300E+01  1.99092E-01  1.71804E-17  6.13525E-01  5.54848E-02  2.5E-07
  5.350E+01  2.02589E-01  1.66194E-17  5.93490E-01  4.27787E-02  1.9E-07
  5.400E+01  2.06107E-01  1.61072E-17  5.75200E-01  2.92974E-02  1.0E-07
  5.450E+01  2.09649E-01  1.56422E-17  5.58593E-01  1.51182E-02  1.7E-07
  5.500E+01  2.13212E-01  1.52224E-17  5.43602E-01  3.25223E-04  2.5E-07
  5.550E+01  2.16797E-01  1.48465E-17  5.30178E-01 -1.49860E-02  1.8E-07
  5.600E+01  2.20404E-01  1.45123E-17  5.18245E-01 -3.06972E-02  1.0E-07
  5.650E+01  2.24032E-01  1.42185E-17  5.07752E-01 -4.66903E-02  1.8E-07
  5.700E+01  2.27680E-01  1.39631E-17  4.98632E-01 -6.28390E-02  2.5E-07
  5.750E+01  2.31350E-01  1.37444E-17  4.90821E-01 -7.90023E-02  1.7E-07
  5.800E+01  2.35040E-01  1.35607E-17  4.84263E-01 -9.50582E-02  1.0E-07
  5.850E+01  2.38751E-01  1.34103E-17  4.78891E-01 -1.10870E-01  1.8E-07
  5.900E+01  2.42481E-01  1.32914E-17  4.74646E-01 -1.26312E-01  2.4E-07
  5.950E+01  2.46231E-01  1.32024E-17  4.71467E-01 -1.41281E-01  1.6E-07
  6.000E+01  2.50000E-01  1.31416E-17  4.69295E-01 -1.55659E-01  1.0E-07
  6.050E+01  2.53788E-01  1.31073E-17  4.68071E-01 -1.69371E-01  1.8E-07
  6.100E+01  2.57595E-01  1.30979E-17  4.67736E-01 -1.82335E-01  2.3E-07
  6.150E+01  2.61421E-01  1.31120E-17  4.68236E-01 -1.94488E-01  1.4E-07
  6.200E+01  2.65264E-01  1.31477E-17  4.69514E-01 -2.05797E-01  1.0E-07
  6.250E+01  2.69126E-01  1.32038E-17  4.71517E-01 -2.16220E-01  1.7E-07
  6.300E+01  2.73005E-01  1.32787E-17  4.74193E-01 -2.25746E-01  2.1E-07
  6.350E+01  2.76901E-01  1.33711E-17  4.77489E-01 -2.34378E-01  1.3E-07
  6.400E+01  2.80814E-01  1.34794E-17  4.81360E-01 -2.42108E-01  1.0E-07
  6.450E+01  2.84744E-01  1.36025E-17  4.85753E-01 -2.48969E-01  1.7E-07
  6.500E+01  2.88691E-01  1.37389E-17  4.90626E-01 -2.54978E-01  2.0E-07
  6.550E+01  2.92653E-01  1.38876E-17  4.95935E-01 -2.60162E-01  1.1E-07
  6.600E+01  2.96632E-01  1.40472E-17  5.01633E-01 -2.64571E-01  1.0E-07
  6.650E+01  3.00625E-01  1.42166E-17  5.07684E-01 -2.68228E-01  1.6E-07
  6.700E+01  3.04634E-01  1.43948E-17  5.14046E-01 -2.71186E-01  1.8E-07
  6.750E+01  3.08658E-01  1.45805E-17  5.20678E-01 -2.73490E-01  1.0E-07
  6.800E+01  3.12697E-01  1.47730E-17  5.27552E-01 -2.75172E-01  1.0E-07
  6.850E+01  3.16749E-01  1.49709E-17  5.34621E-01 -2.76290E-01  1.5E-07
  6.900E+01  3.20816E-01  1.51737E-17  5.41862E-01 -2.76878E-01  1.7E-07
  6.950E+01  3.24896E-01  1.53802E-17  5.49238E-01 -2.76976E-01  1.0E-07
  7.000E+01  3.28990E-01  1.55896E-17  5.56716E-01 -2.76636E-01  1.0E-07
  7.050E+01  3.33097E-01  1.58012E-17  5.64270E-01 -2.75880E-01  1.4E-07
  7.100E+01  3.37216E-01  1.60140E-17  5.71871E-01 -2.74757E-01  1.6E-07
  7.150E+01  3.41348E-01  1.62272E-17  5.79484E-01 -2.73298E-01  1.0E-07
  7.200E+01  3.45492E-01  1.64404E-17  5.87098E-01 -2.71527E-01  1.0E-07
  7.250E+01  3.49647E-01  1.66524E-17  5.94668E-01 -2.69489E-01  1.4E-07
  7.300E+01  3.53814E-01  1.68629E-17  6.02186E-01 -2.67198E-01  1.5E-07
  7.350E+01  3.57992E-01  1.70711E-17  6.09619E-01 -2.64686E-01  1.0E-07
  7.400E+01  3.62181E-01  1.72762E-17  6.16943E-01 -2.61980E-01  1.0E-07
  7.450E+01  3.66381E-01  1.74778E-17  6.24143E-01 -2.59093E-01  1.3E-07
  7.500E+01  3.70590E-01  1.76752E-17  6.31192E-01 -2.56054E-01  1.4E-07
  7.550E+01  3.74810E-01  1.78677E-17  6.38067E-01 -2.52879E-01  1.0E-07
  7.600E+01  3.79039E-01  1.80551E-17  6.44760E-01 -2.49579E-01  1.0E-07
  7.650E+01  3.83277E-01  1.82363E-17  6.51232E-01 -2.46181E-01  1.3E-07
  7.700E+01  3.87524E-01  1.84114E-17  6.57483E-01 -2.42688E-01  1.3E-07
  7.750E+01  3.91780E-01  1.85794E-17  6.63484E-01 -2.39120E-01  1.0E-07
  7.800E+01  3.96044E-01  1.87400E-17  6.69217E-01 -2.35487E-01  1.0E-07
  7.850E+01  4.00316E-01  1.88928E-17  6.74674E-01 -2.31797E-01  1.2E-07
  7.900E+01  4.04596E-01  1.90371E-17  6.79828E-01 -2.28063E-01  1.3E-07
  7.950E+01  4.08882E-01  1.91727E-17  6.84669E-01 -2.24293E-01  1.0E-07
  8.000E+01  4.13176E-01  1.92991E-17  6.89185E-01 -2.20492E-01  1.0E-07
  8.050E+01  4.17476E-01  1.94158E-17  6.93350E-01 -2.16672E-01  1.2E-07
  8.100E+01  4.21783E-01  1.95226E-17  6.97164E-01 -2.12834E-01  1.2E-07
  8.150E+01  4.26095E-01  1.96190E-17  7.00607E-01 -2.08986E-01  1.0E-07
  8.200E+01  4.30413E-01  1.97046E-17  7.03662E-01 -2.05134E-01  1.0E-07
  8.250E+01  4.34737E-01  1.97794E-17  7.06334E-01 -2.01279E-01  1.2E-07
  8.300E+01  4.39065E-01  1.98425E-17  7.08589E-01 -1.97428E-01  1.2E-07
  8.350E+01  4.43398E-01  1.98943E-17  7.10438E-01 -1.93581E-01  1.0E-07
  8.400E+01  4.47736E-01  1.99341E-17  7.11860E-01 -1.89744E-01  1.0E-07
  8.450E+01  4.52077E-01  1.99618E-17  7.12848E-01 -1.85917E-01  1.2E-07
  8.500E+01  4.56422E-01  1.99772E-17  7.13400E-01 -1.82104E-01  1.2E-07
  8.550E+01  4.60770E-01  1.99802E-17  7.13505E-01 -1.78303E-01  1.0E-07
  8.600E+01  4.65122E-01  1.99704E-17  7.13155E-01 -1.74518E-01  1.0E-07
  8.650E+01  4.69476E-01  1.99480E-17  7.12355E-01 -1.70750E-01  1.2E-07
  8.700E+01  4.73832E-01  1.99125E-17  7.11088E-01 -1.66996E-01  1.2E-07
  8.750E+01  4.78190E-01  1.98642E-17  7.09363E-01 -1.63260E-01  1.0E-07
  8.800E+01  4.82550E-01  1.98029E-17  7.07174E-01 -1.59541E-01  1.0E-07
  8.850E+01  4.86912E-01  1.97284E-17  7.04514E-01 -1.55836E-01  1.3E-07
  8.900E+01  4.91274E-01  1.96412E-17  7.01399E-01 -1.52149E-01  1.2E-07
  8.950E+01  4.95637E-01  1.95407E-17  6.97812E-01 -1.48475E-01  1.0E-07
  9.000E+01  5.00000E-01  1.94275E-17  6.93768E-01 -1.44815E-01  1.0E-07
  9.050E+01  5.04363E-01  1.93015E-17  6.89268E-01 -1.41169E-01  1.3E-07
  9.100E+01  5.08726E-01  1.91626E-17  6.84310E-01 -1.37531E-01  1.2E-07
  9.150E+01  5.13088E-01  1.90114E-17  6.78910E-01 -1.33906E-01  1.0E-07
  9.200E+01  5.17450E-01  1.88477E-17  6.73065E-01 -1.30287E-01  1.0E-07
  9.250E+01  5.21810E-01  1.86719E-17  6.66786E-01 -1.26671E-01  1.3E-07
  9.300E+01  5.26168E-01  1.84843E-17  6.60086E-01 -1.23064E-01  1.2E-07
  9.350E+01  5.30524E-01  1.82849E-17  6.52965E-01 -1.19453E-01  1.0E-07
  9.400E+01  5.34878E-01  1.80741E-17  6.45440E-01 -1.15844E-01  1.0E-07
  9.450E+01  5.39230E-01  1.78524E-17  6.37522E-01 -1.12233E-01  1.4E-07
  9.500E+01  5.43578E-01  1.76199E-17  6.29216E-01 -1.08609E-01  1.2E-07
  9.550E+01  5.47923E-01  1.73770E-17  6.20545E-01 -1.04983E-01  1.0E-07
  9.600E+01  5.52264E-01  1.71242E-17  6.11516E-01 -1.01341E-01  1.0E-07
  9.650E+01  5.56602E-01  1.68617E-17  6.02141E-01 -9.76817E-02  1.4E-07
  9.700E+01  5.60935E-01  1.65902E-17  5.92445E-01 -9.40095E-02  1.1E-07
  9.750E+01  5.65263E-01  1.63097E-17  5.82431E-01 -9.03072E-02  1.0E-07
  9.800E+01  5.69587E-01  1.60211E-17  5.72125E-01 -8.65838E-02  1.0E-07
  9.850E+01  5.73905E-01  1.57247E-17  5.61540E-01 -8.28308E-02  1.5E-07
  9.900E+01  5.78217E-01  1.54209E-17  5.50689E-01 -7.90372E-02  1.1E-07
  9.950E+01  5.82524E-01  1.51103E-17  5.39600E-01 -7.52144E-02  1.0E-07
  1.000E+02  5.86824E-01  1.47934E-17  5.28281E-01 -7.13416E-02  1.1E-07
  1.005E+02  5.91118E-01  1.44706E-17  5.16754E-01 -6.74220E-02  1.6E-07
  1.010E+02  5.95404E-01  1.41426E-17  5.05041E-01 -6.34563E-02  1.1E-07
  1.015E+02  5.99684E-01  1.38097E-17  4.93153E-01 -5.94221E-02  1.0E-07
  1.020E+02  6.03956E-01  1.34727E-17  4.81119E-01 -5.53342E-02  1.2E-07
  1.025E+02  6.08220E-01  1.31320E-17  4.68951E-01 -5.11749E-02  1.6E-07
  1.030E+02  6.12476E-01  1.27880E-17  4.56668E-01 -4.69345E-02  1.1E-07
  1.035E+02  6.16723E-01  1.24415E-17  4.44296E-01 -4.26251E-02  1.0E-07
  1.040E+02  6.20961E-01  1.20929E-17  4.31845E-01 -3.82160E-02  1.3E-07
  1.045E+02  6.25190E-01  1.17428E-17  4.19342E-01 -3.37168E-02  1.7E-07
  1.050E+02  6.29410E-01  1.13917E-17  4.06803E-01 -2.91207E-02  1.1E-07
  1.055E+02  6.33619E-01  1.10400E-17  3.94244E-01 -2.44008E-02  1.0E-07
  1.060E+02  6.37819E-01  1.06884E-17  3.81690E-01 -1.95768E-02  1.5E-07
  1.065E+02  6.42008E-01  1.03373E-17  3.69153E-01 -1.46177E-02  1.8E-07
  1.070E+02  6.46186E-01  9.98732E-18  3.56654E-01 -9.51742E-03  1.1E-07
  1.075E+02  6.50353E-01  9.63892E-18  3.44212E-01 -4.28458E-03  1.0E-07
  1.080E+02  6.54508E-01  9.29245E-18  3.31840E-01  1.12347E-03  1.6E-07
  1.085E+02  6.58652E-01  8.94854E-18  3.19558E-01  6.69003E-03  1.9E-07
  1.090E+02  6.62784E-01  8.60758E-18  3.07382E-01  1.24355E-02  1.1E-07
  1.095E+02  6.66903E-01  8.26996E-18  2.95326E-01  1.83909E-02  1.0E-07
  1.100E+02  6.71010E-01  7.93623E-18  2.83408E-01  2.45344E-02  1.8E-07
  1.105E+02  6.75104E-01  7.60669E-18  2.71640E-01  3.09159E-02  2.0E-07
  1.110E+02  6.79184E-01  7.28177E-18  2.60037E-01  3.75376E-02  1.1E-07
  1.115E+02  6.83251E-01  6.96190E-18  2.48614E-01  4.44007E-02  1.0E-07
  1.120E+02  6.87303E-01  6.64734E-18  2.37381E-01  5.15633E-02  2.0E-07
  1.125E+02  6.91342E-01  6.33851E-18  2.26352E-01  5.90038E-02  2.2E-07
  1.130E+02  6.95366E-01  6.03571E-18  2.15539E-01  6.67653E-02  1.0E-07
  1.135E+02  6.99375E-01  5.73921E-18  2.04951E-01  7.48842E-02  1.0E-07
  1.140E+02  7.03368E-01  5.44936E-18  1.94600E-01  8.33443E-02  2.3E-07
  1.145E+02  7.07347E-01  5.16637E-18  1.84494E-01  9.22230E-02  2.3E-07
  1.150E+02  7.11309E-01  4.89051E-18  1.74643E-01  1.01520E-01  1.0E-07
  1.155E+02  7.15256E-01  4.62200E-18  1.65055E-01  1.11261E-01  1.1E-07
  1.160E+02  7.19186E-01  4.36105E-18  1.55736E-01  1.21525E-01  2.5E-07
  1.165E+02  7.23099E-01  4.10784E-18  1.46694E-01  1.32291E-01  2.5E-07
  1.170E+02  7.26995E-01  3.86254E-18  1.37934E-01  1.43645E-01  1.0E-07
  1.175E+02  7.30874E-01  3.62531E-18  1.29462E-01  1.55629E-01  1.4E-07
  1.180E+02  7.34736E-01  3.39626E-18  1.21283E-01  1.68250E-01  2.9E-07
  1.185E+02  7.38579E-01  3.17551E-18  1.13400E-01  1.81628E-01  2.7E-07
  1.190E+02  7.42405E-01  2.96316E-18  1.05816E-01  1.95764E-01  1.0E-07
  1.195E+02  7.46212E-01  2.75928E-18  9.85356E-02  2.10730E-01  1.7E-07
  1.200E+02  7.50000E-01  2.56393E-18  9.15595E-02  2.26636E-01  3.3E-07
  1.205E+02  7.53769E-01  2.37713E-18  8.48890E-02  2.43470E-01  3.0E-07
  1.210E+02  7.57519E-01  2.19894E-18  7.85257E-02  2.61375E-01  1.0E-07
  1.215E+02  7.61249E-01  2.02936E-18  7.24696E-02  2.80401E-01  2.1E-07
  1.220E+02  7.64960E-01  1.86836E-18  6.67202E-02  3.00576E-01  3.9E-07
  1.225E+02  7.68650E-01  1.71595E-18  6.12777E-02  3.22056E-01  3.4E-07
  1.230E+02  7.72320E-01  1.57208E-18  5.61400E-02  3.44808E-01  1.0E-07
  1.235E+02  7.75968E-01  1.43671E-18  5.13059E-02  3.68915E-01  2.6E-07
  1.240E+02  7.79596E-01  1.30980E-18  4.67737E-02  3.94423E-01  4.5E-07
  1.245E+02  7.83203E-01  1.19123E-18  4.25397E-02  4.21209E-01  3.9E-07
  1.250E+02  7.86788E-01  1.08099E-18  3.86027E-02  4.49286E-01  1.0E-07
  1.255E+02  7.90351E-01  9.78936E-19  3.49584E-02  4.78410E-01  3.3E-07
  1.260E+02  7.93893E-01  8.84978E-19  3.16031E-02  5.08246E-01  5.4E-07
  1.265E+02  7.97411E-01  7.99051E-19  2.85346E-02  5.38391E-01  4.4E-07
  1.270E+02  8.00908E-01  7.20985E-19  2.57469E-02  5.68003E-01  1.0E-07
  1.275E+02  8.04381E-01  6.50693E-19  2.32367E-02  5.96117E-01  4.1E-07
  1.280E+02  8.07831E-01  5.88056E-19  2.09999E-02  6.21320E-01  6.4E-07
  1.285E+02  8.11257E-01  5.32902E-19  1.90303E-02  6.41712E-01  5.1E-07
  1.290E+02  8.14660E-01  4.85152E-19  1.73251E-02  6.55130E-01  1.0E-07
  1.295E+02  8.18039E-01  4.44620E-19  1.58777E-02  6.58944E-01  5.0E-07
  1.300E+02  8.21394E-01  4.11176E-19  1.46834E-02  6.50514E-01  7.4E-07
  1.305E+02  8.24724E-01  3.84714E-19  1.37384E-02  6.27540E-01  5.6E-07
  1.310E+02  8.28030E-01  3.65021E-19  1.30351E-02  5.88568E-01  1.0E-07
  1.315E+02  8.31310E-01  3.52004E-19  1.25703E-02  5.33588E-01  5.7E-07
  1.320E+02  8.34565E-01  3.45508E-19  1.23383E-02  4.64343E-01  7.9E-07
  1.325E+02  8.37795E-01  3.45353E-19  1.23328E-02  3.84317E-01  5.7E-07
  1.330E+02  8.40999E-01  3.51451E-19  1.25505E-02  2.98101E-01  1.0E-07
  1.335E+02  8.44177E-01  3.63600E-19  1.29844E-02  2.10731E-01  5.7E-07
  1.340E+02  8.47329E-01  3.81686E-19  1.36302E-02  1.26677E-01  7.5E-07
  1.345E+02  8.50455E-01  4.05591E-19  1.44839E-02  4.93172E-02  5.1E-07
  1.350E+02  8.53553E-01  4.35115E-19  1.55382E-02 -1.91606E-02  1.0E-07
  1.355E+02  8.56625E-01  4.70185E-19  1.67906E-02 -7.79391E-02  5.2E-07
  1.360E+02  8.59670E-01  5.10641E-19  1.82353E-02 -1.26994E-01  6.6E-07
  1.365E+02  8.62687E-01  5.56340E-19  1.98673E-02 -1.66929E-01  4.3E-07
  1.370E+02  8.65677E-01  6.07206E-19  2.16837E-02 -1.98811E-01  1.0E-07
  1.375E+02  8.68639E-01  6.63055E-19  2.36781E-02 -2.23616E-01  4.5E-07
  1.380E+02  8.71572E-01  7.23809E-19  2.58477E-02 -2.42493E-01  5.6E-07
  1.385E+02  8.74478E-01  7.89362E-19  2.81886E-02 -2.56454E-01  3.6E-07
  1.390E+02  8.77355E-01  8.59557E-19  3.06953E-02 -2.66284E-01  1.0E-07
  1.395E+02  8.80203E-01  9.34343E-19  3.33660E-02 -2.72863E-01  3.9E-07
  1.400E+02  8.83022E-01  1.01358E-18  3.61956E-02 -2.76732E-01  4.7E-07
  1.405E+02  8.85812E-01  1.09717E-18  3.91807E-02 -2.78415E-01  3.0E-07
  1.410E+02  8.88573E-01  1.18506E-18  4.23192E-02 -2.78427E-01  1.0E-07
  1.415E+02  8.91304E-01  1.27709E-18  4.56058E-02 -2.76990E-01  3.4E-07
  1.420E+02  8.94005E-01  1.37323E-18  4.90388E-02 -2.74489E-01  4.1E-07
  1.425E+02  8.96677E-01  1.47336E-18  5.26148E-02 -2.71132E-01  2.6E-07
  1.430E+02  8.99318E-01  1.57740E-18  5.63300E-02 -2.67037E-01  1.0E-07
  1.435E+02  9.01928E-01  1.68529E-18  6.01829E-02 -2.62474E-01  3.0E-07
  1.440E+02  9.04508E-01  1.79693E-18  6.41694E-02 -2.57459E-01  3.7E-07
  1.445E+02  9.07058E-01  1.91223E-18  6.82871E-02 -2.52128E-01  2.3E-07
  1.450E+02  9.09576E-01  2.03116E-18  7.25339E-02 -2.46612E-01  1.0E-07
  1.455E+02  9.12063E-01  2.15358E-18  7.69058E-02 -2.40868E-01  2.7E-07
  1.460E+02  9.14519E-01  2.27947E-18  8.14012E-02 -2.35054E-01  3.3E-07
  1.465E+02  9.16943E-01  2.40872E-18  8.60170E-02 -2.29167E-01  2.0E-07
  1.470E+02  9.19335E-01  2.54126E-18  9.07501E-02 -2.23207E-01  1.0E-07
  1.475E+02  9.21696E-01  2.67703E-18  9.55986E-02 -2.17300E-01  2.5E-07
  1.480E+02  9.24024E-01  2.81593E-18  1.00559E-01 -2.11362E-01  3.1E-07
  1.485E+02  9.26320E-01  2.95789E-18  1.05628E-01 -2.05472E-01  1.9E-07
  1.490E+02  9.28584E-01  3.10283E-18  1.10804E-01 -1.99664E-01  1.0E-07
  1.495E+02  9.30815E-01  3.25065E-18  1.16083E-01 -1.93866E-01  2.4E-07
  1.500E+02  9.33013E-01  3.40128E-18  1.21462E-01 -1.88192E-01  2.9E-07
  1.505E+02  9.35178E-01  3.55462E-18  1.26938E-01 -1.82582E-01  1.7E-07
  1.510E+02  9.37310E-01  3.71057E-18  1.32507E-01 -1.77041E-01  1.0E-07
  1.515E+02  9.39409E-01  3.86903E-18  1.38166E-01 -1.71642E-01  2.3E-07
  1.520E+02  9.41474E-01  4.02991E-18  1.43911E-01 -1.66293E-01  2.8E-07
  1.525E+02  9.43505E-01  4.19308E-18  1.49738E-01 -1.61070E-01  1.6E-07
  1.530E+02  9.45503E-01  4.35844E-18  1.55643E-01 -1.55964E-01  1.0E-07
  1.535E+02  9.47467E-01  4.52587E-18  1.61622E-01 -1.50921E-01  2.3E-07
  1.540E+02  9.49397E-01  4.69523E-18  1.67670E-01 -1.46033E-01  2.7E-07
  1.545E+02  9.51293E-01  4.86641E-18  1.73783E-01 -1.41226E-01  1.5E-07
  1.550E+02  9.53154E-01  5.03925E-18  1.79955E-01 -1.36518E-01  1.0E-07
  1.555E+02  9.54981E-01  5.21362E-18  1.86182E-01 -1.31955E-01  2.3E-07
  1.560E+02  9.56773E-01  5.38937E-18  1.92458E-01 -1.27452E-01  2.6E-07
  1.565E+02  9.58530E-01  5.56634E-18  1.98778E-01 -1.23085E-01  1.4E-07
  1.570E+02  9.60252E-01  5.74436E-18  2.05135E-01 -1.18825E-01  1.0E-07
  1.575E+02  9.61940E-01  5.92328E-18  2.11524E-01 -1.14636E-01  2.3E-07
  1.580E+02  9.63592E-01  6.10290E-18  2.17939E-01 -1.10595E-01  2.6E-07
  1.585E+02  9.65209E-01  6.28306E-18  2.24372E-01 -1.06620E-01  1.4E-07
  1.590E+02  9.66790E-01  6.46355E-18  2.30818E-01 -1.02750E-01  1.0E-07
  1.595E+02  9.68336E-01  6.64419E-18  2.37268E-01 -9.90025E-02  2.4E-07
  1.600E+02  9.69846E-01  6.82477E-18  2.43717E-01 -9.53077E-02  2.6E-07
  1.605E+02  9.71321E-01  7.00509E-18  2.50156E-01 -9.17426E-02  1.3E-07
  1.610E+02  9.72759E-01  7.18494E-18  2.56579E-01 -8.82578E-02  1.0E-07
  1.615E+02  9.74162E-01  7.36411E-18  2.62977E-01 -8.48417E-02  2.5E-07
  1.620E+02  9.75528E-01  7.54235E-18  2.69342E-01 -8.15526E-02  2.6E-07
  1.625E+02  9.76858E-01  7.71948E-18  2.75668E-01 -7.83096E-02  1.2E-07
  1.630E+02  9.78152E-01  7.89523E-18  2.81944E-01 -7.51648E-02  1.0E-07
  1.635E+02  9.79410E-01  8.06939E-18  2.88163E-01 -7.21148E-02  2.6E-07
  1.640E+02  9.80631E-01  8.24172E-18  2.94317E-01 -6.91047E-02  2.7E-07
  1.645E+02  9.81815E-01  8.41197E-18  3.00397E-01 -6.62098E-02  1.2E-07
  1.650E+02  9.82963E-01  8.57992E-18  3.06395E-01 -6.33666E-02  1.1E-07
  1.655E+02  9.84074E-01  8.74532E-18  3.12301E-01 -6.05842E-02  2.7E-07
  1.660E+02  9.85148E-01  8.90792E-18  3.18108E-01 -5.79046E-02  2.7E-07
  1.665E+02  9.86185E-01  9.06751E-18  3.23807E-01 -5.52487E-02  1.1E-07
  1.670E+02  9.87185E-01  9.22381E-18  3.29388E-01 -5.26816E-02  1.3E-07
  1.675E+02  9.88148E-01  9.37660E-18  3.34845E-01 -5.01790E-02  2.9E-07
  1.680E+02  9.89074E-01  9.52566E-18  3.40167E-01 -4.77023E-02  2.8E-07
  1.685E+02  9.89962E-01  9.67071E-18  3.45347E-01 -4.53245E-02  1.0E-07
  1.690E+02  9.90814E-01  9.81156E-18  3.50377E-01 -4.29687E-02  1.5E-07
  1.695E+02  9.91627E-01  9.94797E-18  3.55248E-01 -4.06654E-02  3.2E-07
  1.700E+02  9.92404E-01  1.00797E-17  3.59952E-01 -3.84396E-02  3.0E-07
  1.705E+02  9.93143E-01  1.02065E-17  3.64482E-01 -3.62147E-02  1.0E-07
  1.710E+02  9.93844E-01  1.03283E-17  3.68830E-01 -3.40700E-02  1.8E-07
  1.715E+02  9.94508E-01  1.04447E-17  3.72987E-01 -3.19583E-02  3.6E-07
  1.720E+02  9.95134E-01  1.05557E-17  3.76949E-01 -2.98592E-02  3.2E-07
  1.725E+02  9.95722E-01  1.06609E-17  3.80707E-01 -2.78439E-02  1.0E-07
  1.730E+02  9.96273E-01  1.07602E-17  3.84255E-01 -2.58190E-02  2.2E-07
  1.735E+02  9.96786E-01  1.08535E-17  3.87587E-01 -2.38413E-02  4.1E-07
  1.740E+02  9.97261E-01  1.09406E-17  3.90696E-01 -2.19157E-02  3.5E-07
  1.745E+02  9.97698E-01  1.10213E-17  3.93579E-01 -1.99662E-02  1.0E-07
  1.750E+02  9.98097E-01  1.10955E-17  3.96228E-01 -1.80942E-02  2.8E-07
  1.755E+02  9.98459E-01  1.11630E-17  3.98640E-01 -1.62195E-02  4.9E-07
  1.760E+02  9.98782E-01  1.12238E-17  4.00810E-01 -1.43458E-02  4.1E-07
  1.765E+02  9.99067E-01  1.12777E-17  4.02734E-01 -1.25474E-02  1.0E-07
  1.770E+02  9.99315E-01  1.13246E-17  4.04409E-01 -1.06969E-02  3.9E-07
  1.775E+02  9.99524E-01  1.13644E-17  4.05831E-01 -8.90029E-03  6.6E-07
  1.780E+02  9.99695E-01  1.13971E-17  4.06998E-01 -7.13029E-03  5.5E-07
  1.785E+02  9.99829E-01  1.14226E-17  4.07909E-01 -5.29416E-03  1.0E-07
  1.790E+02  9.99924E-01  1.14408E-17  4.08560E-01 -3.57174E-03  7.3E-07
  1.795E+02  9.99981E-01  1.14518E-17  4.08951E-01 -1.76868E-03  1.5E-06
  1.800E+02  1.00000E+00  1.14554E-17  4.09082E-01 -2.84025E-17  3.7E-06
