 #  Scattering amplitudes (in cm)      MU=(1-cos(TH))/2
 #  Z =  80,   projectile: electron
 #  Kinetic energy = 1.00000E+03 eV
 #
 # TH (deg)      MU          Re(F)        Im(F)        Re(G)        Im(G)
 #--------------------------------------------------------------------------
  0.000E+00  0.00000E+00  7.38015E-08  4.39963E-08  0.00000E+00  0.00000E+00
  1.000E-04  7.61557E-13  7.38015E-08  4.39963E-08  2.05136E-16 -1.02802E-16
  1.250E-04  1.18994E-12  7.38015E-08  4.39963E-08  2.56420E-16 -1.28503E-16
  1.500E-04  1.71346E-12  7.38015E-08  4.39963E-08  3.07704E-16 -1.54203E-16
  1.750E-04  2.33225E-12  7.38015E-08  4.39963E-08  3.58988E-16 -1.79904E-16
  2.000E-04  3.04617E-12  7.38015E-08  4.39963E-08  4.10272E-16 -2.05605E-16
  2.250E-04  3.85530E-12  7.38015E-08  4.39963E-08  4.61556E-16 -2.31305E-16
  2.500E-04  4.75964E-12  7.38015E-08  4.39963E-08  5.12840E-16 -2.57006E-16
  2.750E-04  5.75917E-12  7.38015E-08  4.39963E-08  5.64124E-16 -2.82706E-16
  3.000E-04  6.85391E-12  7.38015E-08  4.39963E-08  6.15408E-16 -3.08407E-16
  3.250E-04  8.04379E-12  7.38015E-08  4.39963E-08  6.66692E-16 -3.34108E-16
  3.500E-04  9.32893E-12  7.38015E-08  4.39963E-08  7.17976E-16 -3.59808E-16
  3.750E-04  1.07092E-11  7.38015E-08  4.39963E-08  7.69260E-16 -3.85509E-16
  4.000E-04  1.21847E-11  7.38015E-08  4.39963E-08  8.20544E-16 -4.11209E-16
  4.250E-04  1.37554E-11  7.38015E-08  4.39963E-08  8.71828E-16 -4.36910E-16
  4.500E-04  1.54213E-11  7.38015E-08  4.39963E-08  9.23112E-16 -4.62610E-16
  4.750E-04  1.71823E-11  7.38015E-08  4.39963E-08  9.74395E-16 -4.88311E-16
  5.000E-04  1.90386E-11  7.38015E-08  4.39963E-08  1.02568E-15 -5.14012E-16
  5.250E-04  2.09900E-11  7.38015E-08  4.39963E-08  1.07696E-15 -5.39712E-16
  5.500E-04  2.30367E-11  7.38015E-08  4.39963E-08  1.12825E-15 -5.65413E-16
  5.750E-04  2.51785E-11  7.38015E-08  4.39963E-08  1.17953E-15 -5.91113E-16
  6.000E-04  2.74156E-11  7.38015E-08  4.39963E-08  1.23082E-15 -6.16814E-16
  6.250E-04  2.97478E-11  7.38015E-08  4.39963E-08  1.28210E-15 -6.42514E-16
  6.500E-04  3.21752E-11  7.38015E-08  4.39963E-08  1.33338E-15 -6.68215E-16
  6.750E-04  3.46979E-11  7.38015E-08  4.39963E-08  1.38467E-15 -6.93916E-16
  7.000E-04  3.73157E-11  7.38015E-08  4.39963E-08  1.43595E-15 -7.19616E-16
  7.250E-04  4.00286E-11  7.38015E-08  4.39963E-08  1.48724E-15 -7.45317E-16
  7.500E-04  4.28368E-11  7.38015E-08  4.39963E-08  1.53852E-15 -7.71017E-16
  7.750E-04  4.57402E-11  7.38015E-08  4.39963E-08  1.58980E-15 -7.96718E-16
  8.000E-04  4.87388E-11  7.38015E-08  4.39963E-08  1.64109E-15 -8.22419E-16
  8.250E-04  5.18325E-11  7.38015E-08  4.39963E-08  1.69237E-15 -8.48119E-16
  8.500E-04  5.50215E-11  7.38015E-08  4.39963E-08  1.74365E-15 -8.73820E-16
  8.750E-04  5.83057E-11  7.38015E-08  4.39963E-08  1.79494E-15 -8.99520E-16
  9.000E-04  6.16850E-11  7.38015E-08  4.39963E-08  1.84622E-15 -9.25221E-16
  9.250E-04  6.51595E-11  7.38015E-08  4.39963E-08  1.89751E-15 -9.50921E-16
  9.500E-04  6.87293E-11  7.38015E-08  4.39963E-08  1.94879E-15 -9.76622E-16
  9.750E-04  7.23943E-11  7.38015E-08  4.39963E-08  2.00007E-15 -1.00232E-15
  1.000E-03  7.61544E-11  7.38015E-08  4.39963E-08  2.05136E-15 -1.02802E-15
  1.250E-03  1.18991E-10  7.38014E-08  4.39963E-08  2.56420E-15 -1.28503E-15
  1.500E-03  1.71347E-10  7.38014E-08  4.39963E-08  3.07704E-15 -1.54203E-15
  1.750E-03  2.33223E-10  7.38014E-08  4.39963E-08  3.58987E-15 -1.79904E-15
  2.000E-03  3.04617E-10  7.38013E-08  4.39963E-08  4.10271E-15 -2.05605E-15
  2.250E-03  3.85531E-10  7.38013E-08  4.39963E-08  4.61555E-15 -2.31305E-15
  2.500E-03  4.75965E-10  7.38012E-08  4.39963E-08  5.12839E-15 -2.57006E-15
  2.750E-03  5.75917E-10  7.38011E-08  4.39963E-08  5.64122E-15 -2.82706E-15
  3.000E-03  6.85389E-10  7.38011E-08  4.39963E-08  6.15406E-15 -3.08407E-15
  3.250E-03  8.04380E-10  7.38010E-08  4.39963E-08  6.66689E-15 -3.34108E-15
  3.500E-03  9.32891E-10  7.38009E-08  4.39963E-08  7.17973E-15 -3.59808E-15
  3.750E-03  1.07092E-09  7.38008E-08  4.39963E-08  7.69256E-15 -3.85509E-15
  4.000E-03  1.21847E-09  7.38007E-08  4.39963E-08  8.20539E-15 -4.11209E-15
  4.250E-03  1.37554E-09  7.38006E-08  4.39963E-08  8.71822E-15 -4.36910E-15
  4.500E-03  1.54213E-09  7.38005E-08  4.39963E-08  9.23105E-15 -4.62611E-15
  4.750E-03  1.71823E-09  7.38003E-08  4.39963E-08  9.74388E-15 -4.88311E-15
  5.000E-03  1.90386E-09  7.38002E-08  4.39963E-08  1.02567E-14 -5.14012E-15
  5.250E-03  2.09900E-09  7.38001E-08  4.39963E-08  1.07695E-14 -5.39712E-15
  5.500E-03  2.30367E-09  7.37999E-08  4.39963E-08  1.12824E-14 -5.65413E-15
  5.750E-03  2.51785E-09  7.37998E-08  4.39963E-08  1.17952E-14 -5.91114E-15
  6.000E-03  2.74156E-09  7.37996E-08  4.39963E-08  1.23080E-14 -6.16814E-15
  6.250E-03  2.97478E-09  7.37995E-08  4.39963E-08  1.28208E-14 -6.42515E-15
  6.500E-03  3.21752E-09  7.37993E-08  4.39963E-08  1.33336E-14 -6.68215E-15
  6.750E-03  3.46978E-09  7.37991E-08  4.39963E-08  1.38465E-14 -6.93916E-15
  7.000E-03  3.73156E-09  7.37990E-08  4.39963E-08  1.43593E-14 -7.19617E-15
  7.250E-03  4.00286E-09  7.37988E-08  4.39963E-08  1.48721E-14 -7.45317E-15
  7.500E-03  4.28368E-09  7.37986E-08  4.39963E-08  1.53849E-14 -7.71018E-15
  7.750E-03  4.57402E-09  7.37984E-08  4.39963E-08  1.58977E-14 -7.96718E-15
  8.000E-03  4.87388E-09  7.37982E-08  4.39962E-08  1.64105E-14 -8.22419E-15
  8.250E-03  5.18326E-09  7.37980E-08  4.39962E-08  1.69233E-14 -8.48120E-15
  8.500E-03  5.50215E-09  7.37978E-08  4.39962E-08  1.74361E-14 -8.73820E-15
  8.750E-03  5.83057E-09  7.37975E-08  4.39962E-08  1.79489E-14 -8.99521E-15
  9.000E-03  6.16850E-09  7.37973E-08  4.39962E-08  1.84617E-14 -9.25222E-15
  9.250E-03  6.51596E-09  7.37971E-08  4.39962E-08  1.89745E-14 -9.50922E-15
  9.500E-03  6.87293E-09  7.37968E-08  4.39962E-08  1.94873E-14 -9.76623E-15
  9.750E-03  7.23942E-09  7.37966E-08  4.39962E-08  2.00001E-14 -1.00232E-14
  1.000E-02  7.61544E-09  7.37963E-08  4.39962E-08  2.05129E-14 -1.02802E-14
  1.250E-02  1.18991E-08  7.37934E-08  4.39962E-08  2.56406E-14 -1.28503E-14
  1.500E-02  1.71347E-08  7.37898E-08  4.39962E-08  3.07680E-14 -1.54204E-14
  1.750E-02  2.33223E-08  7.37856E-08  4.39961E-08  3.58951E-14 -1.79905E-14
  2.000E-02  3.04617E-08  7.37807E-08  4.39961E-08  4.10216E-14 -2.05605E-14
  2.250E-02  3.85531E-08  7.37751E-08  4.39960E-08  4.61477E-14 -2.31306E-14
  2.500E-02  4.75965E-08  7.37690E-08  4.39960E-08  5.12731E-14 -2.57007E-14
  2.750E-02  5.75917E-08  7.37622E-08  4.39959E-08  5.63980E-14 -2.82708E-14
  3.000E-02  6.85389E-08  7.37547E-08  4.39958E-08  6.15221E-14 -3.08409E-14
  3.250E-02  8.04380E-08  7.37466E-08  4.39957E-08  6.66454E-14 -3.34111E-14
  3.500E-02  9.32891E-08  7.37378E-08  4.39956E-08  7.17679E-14 -3.59812E-14
  3.750E-02  1.07092E-07  7.37285E-08  4.39955E-08  7.68895E-14 -3.85514E-14
  4.000E-02  1.21847E-07  7.37184E-08  4.39954E-08  8.20101E-14 -4.11215E-14
  4.250E-02  1.37554E-07  7.37078E-08  4.39953E-08  8.71297E-14 -4.36917E-14
  4.500E-02  1.54213E-07  7.36965E-08  4.39952E-08  9.22481E-14 -4.62619E-14
  4.750E-02  1.71823E-07  7.36846E-08  4.39951E-08  9.73655E-14 -4.88321E-14
  5.000E-02  1.90386E-07  7.36720E-08  4.39950E-08  1.02482E-13 -5.14023E-14
  5.250E-02  2.09900E-07  7.36589E-08  4.39948E-08  1.07596E-13 -5.39726E-14
  5.500E-02  2.30367E-07  7.36451E-08  4.39947E-08  1.12710E-13 -5.65428E-14
  5.750E-02  2.51785E-07  7.36307E-08  4.39945E-08  1.17822E-13 -5.91131E-14
  6.000E-02  2.74156E-07  7.36157E-08  4.39944E-08  1.22933E-13 -6.16834E-14
  6.250E-02  2.97478E-07  7.36000E-08  4.39942E-08  1.28042E-13 -6.42537E-14
  6.500E-02  3.21752E-07  7.35838E-08  4.39940E-08  1.33149E-13 -6.68241E-14
  6.750E-02  3.46978E-07  7.35669E-08  4.39939E-08  1.38255E-13 -6.93944E-14
  7.000E-02  3.73156E-07  7.35495E-08  4.39937E-08  1.43359E-13 -7.19648E-14
  7.250E-02  4.00286E-07  7.35314E-08  4.39935E-08  1.48462E-13 -7.45352E-14
  7.500E-02  4.28368E-07  7.35128E-08  4.39933E-08  1.53562E-13 -7.71057E-14
  7.750E-02  4.57402E-07  7.34936E-08  4.39931E-08  1.58661E-13 -7.96761E-14
  8.000E-02  4.87388E-07  7.34737E-08  4.39929E-08  1.63758E-13 -8.22466E-14
  8.250E-02  5.18325E-07  7.34533E-08  4.39927E-08  1.68853E-13 -8.48172E-14
  8.500E-02  5.50215E-07  7.34324E-08  4.39925E-08  1.73945E-13 -8.73877E-14
  8.750E-02  5.83057E-07  7.34108E-08  4.39922E-08  1.79036E-13 -8.99583E-14
  9.000E-02  6.16850E-07  7.33887E-08  4.39920E-08  1.84125E-13 -9.25289E-14
  9.250E-02  6.51596E-07  7.33660E-08  4.39918E-08  1.89211E-13 -9.50995E-14
  9.500E-02  6.87293E-07  7.33427E-08  4.39915E-08  1.94295E-13 -9.76702E-14
  9.750E-02  7.23942E-07  7.33189E-08  4.39912E-08  1.99377E-13 -1.00241E-13
  1.000E-01  7.61543E-07  7.32946E-08  4.39910E-08  2.04456E-13 -1.02812E-13
  1.250E-01  1.18991E-06  7.30219E-08  4.39880E-08  2.55107E-13 -1.28521E-13
  1.500E-01  1.71347E-06  7.27003E-08  4.39844E-08  3.05467E-13 -1.54235E-13
  1.750E-01  2.33223E-06  7.23358E-08  4.39801E-08  3.55494E-13 -1.79954E-13
  2.000E-01  3.04617E-06  7.19353E-08  4.39751E-08  4.05153E-13 -2.05679E-13
  2.250E-01  3.85531E-06  7.15055E-08  4.39695E-08  4.54418E-13 -2.31412E-13
  2.500E-01  4.75964E-06  7.10534E-08  4.39632E-08  5.03270E-13 -2.57152E-13
  2.750E-01  5.75916E-06  7.05857E-08  4.39563E-08  5.51699E-13 -2.82901E-13
  3.000E-01  6.85388E-06  7.01085E-08  4.39487E-08  5.99702E-13 -3.08659E-13
  3.250E-01  8.04378E-06  6.96272E-08  4.39404E-08  6.47280E-13 -3.34428E-13
  3.500E-01  9.32888E-06  6.91467E-08  4.39315E-08  6.94441E-13 -3.60208E-13
  3.750E-01  1.07092E-05  6.86708E-08  4.39220E-08  7.41197E-13 -3.86000E-13
  4.000E-01  1.21846E-05  6.82024E-08  4.39118E-08  7.87562E-13 -4.11806E-13
  4.250E-01  1.37553E-05  6.77437E-08  4.39009E-08  8.33554E-13 -4.37625E-13
  4.500E-01  1.54212E-05  6.72956E-08  4.38894E-08  8.79190E-13 -4.63459E-13
  4.750E-01  1.71822E-05  6.68588E-08  4.38772E-08  9.24485E-13 -4.89309E-13
  5.000E-01  1.90385E-05  6.64330E-08  4.38644E-08  9.69457E-13 -5.15175E-13
  5.250E-01  2.09899E-05  6.60174E-08  4.38510E-08  1.01412E-12 -5.41058E-13
  5.500E-01  2.30365E-05  6.56111E-08  4.38369E-08  1.05848E-12 -5.66960E-13
  5.750E-01  2.51783E-05  6.52126E-08  4.38221E-08  1.10256E-12 -5.92880E-13
  6.000E-01  2.74153E-05  6.48206E-08  4.38068E-08  1.14635E-12 -6.18821E-13
  6.250E-01  2.97475E-05  6.44337E-08  4.37907E-08  1.18987E-12 -6.44782E-13
  6.500E-01  3.21749E-05  6.40508E-08  4.37741E-08  1.23312E-12 -6.70764E-13
  6.750E-01  3.46974E-05  6.36709E-08  4.37568E-08  1.27610E-12 -6.96769E-13
  7.000E-01  3.73152E-05  6.32932E-08  4.37389E-08  1.31881E-12 -7.22796E-13
  7.250E-01  4.00281E-05  6.29173E-08  4.37203E-08  1.36125E-12 -7.48848E-13
  7.500E-01  4.28362E-05  6.25431E-08  4.37011E-08  1.40342E-12 -7.74924E-13
  7.750E-01  4.57395E-05  6.21706E-08  4.36813E-08  1.44532E-12 -8.01026E-13
  8.000E-01  4.87380E-05  6.18002E-08  4.36609E-08  1.48696E-12 -8.27154E-13
  8.250E-01  5.18317E-05  6.14322E-08  4.36398E-08  1.52833E-12 -8.53310E-13
  8.500E-01  5.50205E-05  6.10672E-08  4.36182E-08  1.56943E-12 -8.79493E-13
  8.750E-01  5.83045E-05  6.07057E-08  4.35959E-08  1.61028E-12 -9.05705E-13
  9.000E-01  6.16838E-05  6.03483E-08  4.35730E-08  1.65088E-12 -9.31946E-13
  9.250E-01  6.51582E-05  5.99953E-08  4.35494E-08  1.69122E-12 -9.58218E-13
  9.500E-01  6.87277E-05  5.96471E-08  4.35253E-08  1.73132E-12 -9.84520E-13
  9.750E-01  7.23925E-05  5.93038E-08  4.35006E-08  1.77119E-12 -1.01085E-12
  1.000E+00  7.61524E-05  5.89655E-08  4.34752E-08  1.81082E-12 -1.03722E-12
  1.100E+00  9.21439E-05  5.76577E-08  4.33678E-08  1.96713E-12 -1.14303E-12
  1.200E+00  1.09658E-04  5.64054E-08  4.32510E-08  2.12008E-12 -1.24942E-12
  1.300E+00  1.28695E-04  5.51898E-08  4.31248E-08  2.26982E-12 -1.35644E-12
  1.400E+00  1.49255E-04  5.40105E-08  4.29896E-08  2.41643E-12 -1.46412E-12
  1.500E+00  1.71338E-04  5.28770E-08  4.28454E-08  2.56007E-12 -1.57253E-12
  1.600E+00  1.94942E-04  5.17914E-08  4.26926E-08  2.70092E-12 -1.68168E-12
  1.700E+00  2.20070E-04  5.07440E-08  4.25314E-08  2.83914E-12 -1.79164E-12
  1.800E+00  2.46720E-04  4.97248E-08  4.23620E-08  2.97481E-12 -1.90242E-12
  1.900E+00  2.74892E-04  4.87326E-08  4.21846E-08  3.10800E-12 -2.01408E-12
  2.000E+00  3.04586E-04  4.77719E-08  4.19995E-08  3.23877E-12 -2.12664E-12
  2.100E+00  3.35803E-04  4.68435E-08  4.18069E-08  3.36725E-12 -2.24013E-12
  2.200E+00  3.68542E-04  4.59418E-08  4.16071E-08  3.49353E-12 -2.35459E-12
  2.300E+00  4.02802E-04  4.50605E-08  4.14004E-08  3.61765E-12 -2.47004E-12
  2.400E+00  4.38585E-04  4.41987E-08  4.11870E-08  3.73964E-12 -2.58652E-12
  2.500E+00  4.75889E-04  4.33590E-08  4.09672E-08  3.85955E-12 -2.70403E-12
  2.600E+00  5.14715E-04  4.25418E-08  4.07412E-08  3.97745E-12 -2.82262E-12
  2.700E+00  5.55063E-04  4.17433E-08  4.05095E-08  4.09338E-12 -2.94229E-12
  2.800E+00  5.96931E-04  4.09595E-08  4.02721E-08  4.20738E-12 -3.06306E-12
  2.900E+00  6.40321E-04  4.01897E-08  4.00294E-08  4.31947E-12 -3.18496E-12
  3.000E+00  6.85233E-04  3.94357E-08  3.97817E-08  4.42966E-12 -3.30800E-12
  3.100E+00  7.31665E-04  3.86978E-08  3.95293E-08  4.53800E-12 -3.43218E-12
  3.200E+00  7.79618E-04  3.79735E-08  3.92724E-08  4.64453E-12 -3.55753E-12
  3.300E+00  8.29092E-04  3.72599E-08  3.90113E-08  4.74926E-12 -3.68404E-12
  3.400E+00  8.80086E-04  3.65566E-08  3.87462E-08  4.85220E-12 -3.81173E-12
  3.500E+00  9.32601E-04  3.58652E-08  3.84775E-08  4.95338E-12 -3.94060E-12
  3.600E+00  9.86636E-04  3.51858E-08  3.82054E-08  5.05283E-12 -4.07066E-12
  3.700E+00  1.04219E-03  3.45167E-08  3.79301E-08  5.15057E-12 -4.20191E-12
  3.800E+00  1.09927E-03  3.38558E-08  3.76519E-08  5.24662E-12 -4.33435E-12
  3.900E+00  1.15786E-03  3.32030E-08  3.73711E-08  5.34099E-12 -4.46798E-12
  4.000E+00  1.21797E-03  3.25594E-08  3.70879E-08  5.43369E-12 -4.60280E-12
  4.100E+00  1.27961E-03  3.19252E-08  3.68025E-08  5.52475E-12 -4.73880E-12
  4.200E+00  1.34276E-03  3.12993E-08  3.65152E-08  5.61420E-12 -4.87599E-12
  4.300E+00  1.40743E-03  3.06800E-08  3.62262E-08  5.70205E-12 -5.01435E-12
  4.400E+00  1.47362E-03  3.00673E-08  3.59357E-08  5.78832E-12 -5.15389E-12
  4.500E+00  1.54133E-03  2.94623E-08  3.56439E-08  5.87302E-12 -5.29458E-12
  4.600E+00  1.61056E-03  2.88653E-08  3.53511E-08  5.95618E-12 -5.43643E-12
  4.700E+00  1.68131E-03  2.82752E-08  3.50573E-08  6.03782E-12 -5.57943E-12
  4.800E+00  1.75357E-03  2.76908E-08  3.47629E-08  6.11796E-12 -5.72356E-12
  4.900E+00  1.82735E-03  2.71124E-08  3.44680E-08  6.19662E-12 -5.86882E-12
  5.000E+00  1.90265E-03  2.65406E-08  3.41728E-08  6.27382E-12 -6.01520E-12
  5.100E+00  1.97947E-03  2.59759E-08  3.38774E-08  6.34959E-12 -6.16268E-12
  5.200E+00  2.05780E-03  2.54174E-08  3.35820E-08  6.42395E-12 -6.31125E-12
  5.300E+00  2.13765E-03  2.48643E-08  3.32867E-08  6.49692E-12 -6.46090E-12
  5.400E+00  2.21902E-03  2.43167E-08  3.29918E-08  6.56853E-12 -6.61161E-12
  5.500E+00  2.30190E-03  2.37754E-08  3.26972E-08  6.63880E-12 -6.76338E-12
  5.600E+00  2.38630E-03  2.32405E-08  3.24033E-08  6.70776E-12 -6.91619E-12
  5.700E+00  2.47222E-03  2.27116E-08  3.21100E-08  6.77543E-12 -7.07002E-12
  5.800E+00  2.55965E-03  2.21879E-08  3.18175E-08  6.84184E-12 -7.22487E-12
  5.900E+00  2.64859E-03  2.16695E-08  3.15259E-08  6.90701E-12 -7.38072E-12
  6.000E+00  2.73905E-03  2.11571E-08  3.12353E-08  6.97097E-12 -7.53755E-12
  6.100E+00  2.83103E-03  2.06509E-08  3.09458E-08  7.03375E-12 -7.69536E-12
  6.200E+00  2.92452E-03  2.01504E-08  3.06575E-08  7.09537E-12 -7.85412E-12
  6.300E+00  3.01952E-03  1.96550E-08  3.03704E-08  7.15585E-12 -8.01383E-12
  6.400E+00  3.11604E-03  1.91649E-08  3.00846E-08  7.21523E-12 -8.17448E-12
  6.500E+00  3.21407E-03  1.86806E-08  2.98003E-08  7.27353E-12 -8.33604E-12
  6.600E+00  3.31362E-03  1.82023E-08  2.95174E-08  7.33078E-12 -8.49851E-12
  6.700E+00  3.41468E-03  1.77297E-08  2.92359E-08  7.38700E-12 -8.66188E-12
  6.800E+00  3.51725E-03  1.72622E-08  2.89561E-08  7.44224E-12 -8.82613E-12
  6.900E+00  3.62133E-03  1.68000E-08  2.86778E-08  7.49650E-12 -8.99125E-12
  7.000E+00  3.72692E-03  1.63435E-08  2.84012E-08  7.54982E-12 -9.15723E-12
  7.100E+00  3.83403E-03  1.58930E-08  2.81262E-08  7.60223E-12 -9.32406E-12
  7.200E+00  3.94265E-03  1.54480E-08  2.78529E-08  7.65376E-12 -9.49173E-12
  7.300E+00  4.05278E-03  1.50082E-08  2.75813E-08  7.70443E-12 -9.66022E-12
  7.400E+00  4.16442E-03  1.45737E-08  2.73114E-08  7.75426E-12 -9.82954E-12
  7.500E+00  4.27757E-03  1.41448E-08  2.70432E-08  7.80329E-12 -9.99966E-12
  7.600E+00  4.39223E-03  1.37218E-08  2.67768E-08  7.85154E-12 -1.01706E-11
  7.700E+00  4.50840E-03  1.33042E-08  2.65122E-08  7.89904E-12 -1.03423E-11
  7.800E+00  4.62608E-03  1.28918E-08  2.62492E-08  7.94582E-12 -1.05148E-11
  7.900E+00  4.74527E-03  1.24846E-08  2.59881E-08  7.99189E-12 -1.06881E-11
  8.000E+00  4.86597E-03  1.20830E-08  2.57286E-08  8.03729E-12 -1.08621E-11
  8.100E+00  4.98817E-03  1.16870E-08  2.54709E-08  8.08204E-12 -1.10369E-11
  8.200E+00  5.11188E-03  1.12965E-08  2.52149E-08  8.12617E-12 -1.12125E-11
  8.300E+00  5.23711E-03  1.09111E-08  2.49606E-08  8.16970E-12 -1.13888E-11
  8.400E+00  5.36383E-03  1.05309E-08  2.47080E-08  8.21266E-12 -1.15658E-11
  8.500E+00  5.49207E-03  1.01561E-08  2.44571E-08  8.25507E-12 -1.17436E-11
  8.600E+00  5.62181E-03  9.78689E-09  2.42078E-08  8.29695E-12 -1.19221E-11
  8.700E+00  5.75306E-03  9.42301E-09  2.39602E-08  8.33834E-12 -1.21014E-11
  8.800E+00  5.88581E-03  9.06414E-09  2.37141E-08  8.37926E-12 -1.22813E-11
  8.900E+00  6.02007E-03  8.71032E-09  2.34697E-08  8.41972E-12 -1.24620E-11
  9.000E+00  6.15583E-03  8.36184E-09  2.32268E-08  8.45975E-12 -1.26434E-11
  9.100E+00  6.29310E-03  8.01880E-09  2.29854E-08  8.49937E-12 -1.28256E-11
  9.200E+00  6.43187E-03  7.68093E-09  2.27455E-08  8.53861E-12 -1.30084E-11
  9.300E+00  6.57214E-03  7.34795E-09  2.25071E-08  8.57749E-12 -1.31919E-11
  9.400E+00  6.71392E-03  7.01990E-09  2.22702E-08  8.61602E-12 -1.33762E-11
  9.500E+00  6.85720E-03  6.69704E-09  2.20347E-08  8.65423E-12 -1.35611E-11
  9.600E+00  7.00198E-03  6.37943E-09  2.18005E-08  8.69215E-12 -1.37468E-11
  9.700E+00  7.14827E-03  6.06684E-09  2.15677E-08  8.72978E-12 -1.39332E-11
  9.800E+00  7.29605E-03  5.75900E-09  2.13363E-08  8.76716E-12 -1.41202E-11
  9.900E+00  7.44534E-03  5.45593E-09  2.11061E-08  8.80430E-12 -1.43080E-11
  1.000E+01  7.59612E-03  5.15787E-09  2.08773E-08  8.84122E-12 -1.44964E-11
  1.025E+01  7.97965E-03  4.43438E-09  2.03105E-08  8.93268E-12 -1.49706E-11
  1.050E+01  8.37255E-03  3.74009E-09  1.97511E-08  9.02318E-12 -1.54491E-11
  1.075E+01  8.77480E-03  3.07555E-09  1.91986E-08  9.11300E-12 -1.59319E-11
  1.100E+01  9.18641E-03  2.43906E-09  1.86527E-08  9.20240E-12 -1.64190E-11
  1.125E+01  9.60736E-03  1.83104E-09  1.81131E-08  9.29163E-12 -1.69104E-11
  1.150E+01  1.00376E-02  1.24984E-09  1.75795E-08  9.38091E-12 -1.74061E-11
  1.175E+01  1.04773E-02  6.95805E-10  1.70516E-08  9.47049E-12 -1.79060E-11
  1.200E+01  1.09262E-02  1.67355E-10  1.65292E-08  9.56058E-12 -1.84101E-11
  1.225E+01  1.13844E-02 -3.35255E-10  1.60122E-08  9.65137E-12 -1.89184E-11
  1.250E+01  1.18520E-02 -8.13540E-10  1.55005E-08  9.74305E-12 -1.94309E-11
  1.275E+01  1.23288E-02 -1.26731E-09  1.49939E-08  9.83581E-12 -1.99474E-11
  1.300E+01  1.28150E-02 -1.69800E-09  1.44926E-08  9.92981E-12 -2.04680E-11
  1.325E+01  1.33104E-02 -2.10549E-09  1.39964E-08  1.00252E-11 -2.09925E-11
  1.350E+01  1.38150E-02 -2.49115E-09  1.35054E-08  1.01222E-11 -2.15209E-11
  1.375E+01  1.43290E-02 -2.85487E-09  1.30198E-08  1.02208E-11 -2.20532E-11
  1.400E+01  1.48521E-02 -3.19799E-09  1.25395E-08  1.03213E-11 -2.25891E-11
  1.425E+01  1.53845E-02 -3.52043E-09  1.20648E-08  1.04237E-11 -2.31287E-11
  1.450E+01  1.59262E-02 -3.82345E-09  1.15958E-08  1.05281E-11 -2.36717E-11
  1.475E+01  1.64770E-02 -4.10700E-09  1.11325E-08  1.06348E-11 -2.42182E-11
  1.500E+01  1.70371E-02 -4.37228E-09  1.06753E-08  1.07436E-11 -2.47679E-11
  1.525E+01  1.76063E-02 -4.61926E-09  1.02243E-08  1.08549E-11 -2.53207E-11
  1.550E+01  1.81848E-02 -4.84909E-09  9.77955E-09  1.09685E-11 -2.58766E-11
  1.575E+01  1.87724E-02 -5.06176E-09  9.34136E-09  1.10846E-11 -2.64354E-11
  1.600E+01  1.93692E-02 -5.25836E-09  8.90986E-09  1.12033E-11 -2.69970E-11
  1.625E+01  1.99751E-02 -5.43887E-09  8.48521E-09  1.13247E-11 -2.75611E-11
  1.650E+01  2.05901E-02 -5.60435E-09  8.06758E-09  1.14487E-11 -2.81278E-11
  1.675E+01  2.12143E-02 -5.75480E-09  7.65711E-09  1.15754E-11 -2.86967E-11
  1.700E+01  2.18476E-02 -5.89120E-09  7.25394E-09  1.17049E-11 -2.92680E-11
  1.725E+01  2.24900E-02 -6.01357E-09  6.85818E-09  1.18372E-11 -2.98413E-11
  1.750E+01  2.31415E-02 -6.12285E-09  6.46994E-09  1.19723E-11 -3.04165E-11
  1.775E+01  2.38021E-02 -6.21907E-09  6.08931E-09  1.21103E-11 -3.09936E-11
  1.800E+01  2.44717E-02 -6.30310E-09  5.71637E-09  1.22511E-11 -3.15724E-11
  1.825E+01  2.51504E-02 -6.37499E-09  5.35118E-09  1.23949E-11 -3.21527E-11
  1.850E+01  2.58382E-02 -6.43558E-09  4.99379E-09  1.25415E-11 -3.27345E-11
  1.875E+01  2.65349E-02 -6.48489E-09  4.64423E-09  1.26910E-11 -3.33176E-11
  1.900E+01  2.72407E-02 -6.52374E-09  4.30252E-09  1.28434E-11 -3.39020E-11
  1.925E+01  2.79555E-02 -6.55216E-09  3.96867E-09  1.29987E-11 -3.44875E-11
  1.950E+01  2.86793E-02 -6.57090E-09  3.64268E-09  1.31569E-11 -3.50740E-11
  1.975E+01  2.94120E-02 -6.58003E-09  3.32452E-09  1.33180E-11 -3.56614E-11
  2.000E+01  3.01537E-02 -6.58024E-09  3.01418E-09  1.34819E-11 -3.62496E-11
  2.025E+01  3.09043E-02 -6.57160E-09  2.71162E-09  1.36486E-11 -3.68386E-11
  2.050E+01  3.16639E-02 -6.55477E-09  2.41681E-09  1.38181E-11 -3.74281E-11
  2.075E+01  3.24324E-02 -6.52982E-09  2.12969E-09  1.39903E-11 -3.80182E-11
  2.100E+01  3.32098E-02 -6.49738E-09  1.85023E-09  1.41653E-11 -3.86087E-11
  2.125E+01  3.39961E-02 -6.45752E-09  1.57835E-09  1.43430E-11 -3.91996E-11
  2.150E+01  3.47912E-02 -6.41082E-09  1.31401E-09  1.45233E-11 -3.97908E-11
  2.175E+01  3.55952E-02 -6.35736E-09  1.05715E-09  1.47062E-11 -4.03822E-11
  2.200E+01  3.64081E-02 -6.29770E-09  8.07703E-10  1.48917E-11 -4.09736E-11
  2.225E+01  3.72297E-02 -6.23193E-09  5.65607E-10  1.50797E-11 -4.15651E-11
  2.250E+01  3.80602E-02 -6.16054E-09  3.30798E-10  1.52701E-11 -4.21566E-11
  2.275E+01  3.88995E-02 -6.08365E-09  1.03215E-10  1.54629E-11 -4.27480E-11
  2.300E+01  3.97476E-02 -6.00172E-09 -1.17207E-10  1.56581E-11 -4.33391E-11
  2.325E+01  4.06044E-02 -5.91486E-09 -3.30531E-10  1.58555E-11 -4.39300E-11
  2.350E+01  4.14700E-02 -5.82349E-09 -5.36819E-10  1.60551E-11 -4.45206E-11
  2.375E+01  4.23443E-02 -5.72775E-09 -7.36135E-10  1.62569E-11 -4.51107E-11
  2.400E+01  4.32273E-02 -5.62802E-09 -9.28540E-10  1.64607E-11 -4.57003E-11
  2.425E+01  4.41190E-02 -5.52444E-09 -1.11410E-09  1.66665E-11 -4.62894E-11
  2.450E+01  4.50194E-02 -5.41735E-09 -1.29287E-09  1.68743E-11 -4.68779E-11
  2.475E+01  4.59284E-02 -5.30692E-09 -1.46492E-09  1.70839E-11 -4.74657E-11
  2.500E+01  4.68461E-02 -5.19343E-09 -1.63031E-09  1.72952E-11 -4.80528E-11
  2.550E+01  4.87074E-02 -4.95811E-09 -1.94137E-09  1.77229E-11 -4.92243E-11
  2.600E+01  5.06030E-02 -4.71313E-09 -2.22659E-09  1.81568E-11 -5.03921E-11
  2.650E+01  5.25328E-02 -4.46014E-09 -2.48652E-09  1.85960E-11 -5.15557E-11
  2.700E+01  5.44967E-02 -4.20071E-09 -2.72176E-09  1.90399E-11 -5.27146E-11
  2.750E+01  5.64946E-02 -3.93631E-09 -2.93293E-09  1.94878E-11 -5.38686E-11
  2.800E+01  5.85262E-02 -3.66831E-09 -3.12071E-09  1.99390E-11 -5.50172E-11
  2.850E+01  6.05914E-02 -3.39803E-09 -3.28582E-09  2.03927E-11 -5.61601E-11
  2.900E+01  6.26901E-02 -3.12668E-09 -3.42902E-09  2.08481E-11 -5.72972E-11
  2.950E+01  6.48222E-02 -2.85540E-09 -3.55110E-09  2.13045E-11 -5.84282E-11
  3.000E+01  6.69873E-02 -2.58526E-09 -3.65288E-09  2.17611E-11 -5.95529E-11
  3.050E+01  6.91854E-02 -2.31724E-09 -3.73520E-09  2.22172E-11 -6.06714E-11
  3.100E+01  7.14163E-02 -2.05226E-09 -3.79895E-09  2.26720E-11 -6.17835E-11
  3.150E+01  7.36799E-02 -1.79117E-09 -3.84497E-09  2.31246E-11 -6.28891E-11
  3.200E+01  7.59760E-02 -1.53475E-09 -3.87415E-09  2.35744E-11 -6.39884E-11
  3.250E+01  7.83043E-02 -1.28373E-09 -3.88735E-09  2.40206E-11 -6.50812E-11
  3.300E+01  8.06647E-02 -1.03875E-09 -3.88544E-09  2.44624E-11 -6.61678E-11
  3.350E+01  8.30571E-02 -8.00411E-10 -3.86924E-09  2.48991E-11 -6.72481E-11
  3.400E+01  8.54812E-02 -5.69260E-10 -3.83959E-09  2.53299E-11 -6.83223E-11
  3.450E+01  8.79369E-02 -3.45777E-10 -3.79730E-09  2.57542E-11 -6.93906E-11
  3.500E+01  9.04240E-02 -1.30397E-10 -3.74314E-09  2.61712E-11 -7.04530E-11
  3.550E+01  9.29422E-02  7.65001E-11 -3.67790E-09  2.65803E-11 -7.15097E-11
  3.600E+01  9.54915E-02  2.74579E-10 -3.60233E-09  2.69807E-11 -7.25610E-11
  3.650E+01  9.80716E-02  4.63554E-10 -3.51716E-09  2.73719E-11 -7.36069E-11
  3.700E+01  1.00682E-01  6.43180E-10 -3.42311E-09  2.77531E-11 -7.46479E-11
  3.750E+01  1.03323E-01  8.13258E-10 -3.32089E-09  2.81238E-11 -7.56840E-11
  3.800E+01  1.05995E-01  9.73626E-10 -3.21120E-09  2.84834E-11 -7.67156E-11
  3.850E+01  1.08696E-01  1.12416E-09 -3.09472E-09  2.88313E-11 -7.77429E-11
  3.900E+01  1.11427E-01  1.26479E-09 -2.97212E-09  2.91669E-11 -7.87662E-11
  3.950E+01  1.14188E-01  1.39544E-09 -2.84407E-09  2.94898E-11 -7.97858E-11
  4.000E+01  1.16978E-01  1.51611E-09 -2.71120E-09  2.97994E-11 -8.08021E-11
  4.050E+01  1.19797E-01  1.62681E-09 -2.57416E-09  3.00952E-11 -8.18154E-11
  4.100E+01  1.22645E-01  1.72758E-09 -2.43355E-09  3.03768E-11 -8.28260E-11
  4.150E+01  1.25522E-01  1.81849E-09 -2.28998E-09  3.06438E-11 -8.38342E-11
  4.200E+01  1.28428E-01  1.89965E-09 -2.14403E-09  3.08957E-11 -8.48406E-11
  4.250E+01  1.31361E-01  1.97116E-09 -1.99627E-09  3.11322E-11 -8.58453E-11
  4.300E+01  1.34323E-01  2.03318E-09 -1.84721E-09  3.13529E-11 -8.68487E-11
  4.350E+01  1.37313E-01  2.08586E-09 -1.69739E-09  3.15575E-11 -8.78513E-11
  4.400E+01  1.40330E-01  2.12940E-09 -1.54730E-09  3.17456E-11 -8.88534E-11
  4.450E+01  1.43375E-01  2.16399E-09 -1.39738E-09  3.19171E-11 -8.98554E-11
  4.500E+01  1.46447E-01  2.18986E-09 -1.24809E-09  3.20716E-11 -9.08575E-11
  4.550E+01  1.49545E-01  2.20723E-09 -1.09983E-09  3.22089E-11 -9.18601E-11
  4.600E+01  1.52671E-01  2.21635E-09 -9.52995E-10  3.23288E-11 -9.28636E-11
  4.650E+01  1.55823E-01  2.21748E-09 -8.07942E-10  3.24311E-11 -9.38683E-11
  4.700E+01  1.59001E-01  2.21088E-09 -6.65009E-10  3.25157E-11 -9.48745E-11
  4.750E+01  1.62205E-01  2.19685E-09 -5.24513E-10  3.25825E-11 -9.58824E-11
  4.800E+01  1.65435E-01  2.17566E-09 -3.86745E-10  3.26312E-11 -9.68925E-11
  4.850E+01  1.68690E-01  2.14761E-09 -2.51978E-10  3.26618E-11 -9.79049E-11
  4.900E+01  1.71970E-01  2.11300E-09 -1.20467E-10  3.26743E-11 -9.89199E-11
  4.950E+01  1.75276E-01  2.07214E-09  7.55375E-12  3.26686E-11 -9.99378E-11
  5.000E+01  1.78606E-01  2.02535E-09  1.31866E-10  3.26447E-11 -1.00959E-10
  5.050E+01  1.81961E-01  1.97294E-09  2.52268E-10  3.26025E-11 -1.01983E-10
  5.100E+01  1.85340E-01  1.91523E-09  3.68575E-10  3.25421E-11 -1.03011E-10
  5.150E+01  1.88743E-01  1.85254E-09  4.80616E-10  3.24635E-11 -1.04043E-10
  5.200E+01  1.92169E-01  1.78519E-09  5.88238E-10  3.23667E-11 -1.05078E-10
  5.250E+01  1.95619E-01  1.71351E-09  6.91303E-10  3.22519E-11 -1.06118E-10
  5.300E+01  1.99092E-01  1.63782E-09  7.89688E-10  3.21190E-11 -1.07162E-10
  5.350E+01  2.02589E-01  1.55842E-09  8.83286E-10  3.19683E-11 -1.08210E-10
  5.400E+01  2.06107E-01  1.47565E-09  9.72009E-10  3.17998E-11 -1.09262E-10
  5.450E+01  2.09649E-01  1.38980E-09  1.05578E-09  3.16136E-11 -1.10320E-10
  5.500E+01  2.13212E-01  1.30121E-09  1.13455E-09  3.14099E-11 -1.11382E-10
  5.550E+01  2.16797E-01  1.21017E-09  1.20827E-09  3.11888E-11 -1.12448E-10
  5.600E+01  2.20404E-01  1.11699E-09  1.27693E-09  3.09505E-11 -1.13519E-10
  5.650E+01  2.24032E-01  1.02197E-09  1.34051E-09  3.06952E-11 -1.14595E-10
  5.700E+01  2.27680E-01  9.25397E-10  1.39902E-09  3.04230E-11 -1.15676E-10
  5.750E+01  2.31350E-01  8.27557E-10  1.45248E-09  3.01343E-11 -1.16761E-10
  5.800E+01  2.35040E-01  7.28730E-10  1.50094E-09  2.98291E-11 -1.17850E-10
  5.850E+01  2.38751E-01  6.29187E-10  1.54444E-09  2.95076E-11 -1.18944E-10
  5.900E+01  2.42481E-01  5.29197E-10  1.58303E-09  2.91702E-11 -1.20043E-10
  5.950E+01  2.46231E-01  4.29020E-10  1.61680E-09  2.88170E-11 -1.21145E-10
  6.000E+01  2.50000E-01  3.28911E-10  1.64583E-09  2.84483E-11 -1.22252E-10
  6.050E+01  2.53788E-01  2.29113E-10  1.67019E-09  2.80643E-11 -1.23362E-10
  6.100E+01  2.57595E-01  1.29861E-10  1.68999E-09  2.76653E-11 -1.24476E-10
  6.150E+01  2.61421E-01  3.13801E-11  1.70532E-09  2.72515E-11 -1.25594E-10
  6.200E+01  2.65264E-01 -6.61117E-11  1.71631E-09  2.68231E-11 -1.26714E-10
  6.250E+01  2.69126E-01 -1.62404E-10  1.72305E-09  2.63805E-11 -1.27837E-10
  6.300E+01  2.73005E-01 -2.57291E-10  1.72567E-09  2.59239E-11 -1.28963E-10
  6.350E+01  2.76901E-01 -3.50579E-10  1.72428E-09  2.54535E-11 -1.30092E-10
  6.400E+01  2.80814E-01 -4.42080E-10  1.71902E-09  2.49696E-11 -1.31222E-10
  6.450E+01  2.84744E-01 -5.31622E-10  1.71002E-09  2.44725E-11 -1.32354E-10
  6.500E+01  2.88691E-01 -6.19041E-10  1.69742E-09  2.39624E-11 -1.33487E-10
  6.550E+01  2.92653E-01 -7.04179E-10  1.68134E-09  2.34396E-11 -1.34621E-10
  6.600E+01  2.96632E-01 -7.86889E-10  1.66195E-09  2.29043E-11 -1.35755E-10
  6.650E+01  3.00625E-01 -8.67028E-10  1.63938E-09  2.23569E-11 -1.36890E-10
  6.700E+01  3.04634E-01 -9.44463E-10  1.61379E-09  2.17975E-11 -1.38024E-10
  6.750E+01  3.08658E-01 -1.01907E-09  1.58535E-09  2.12265E-11 -1.39157E-10
  6.800E+01  3.12697E-01 -1.09075E-09  1.55420E-09  2.06440E-11 -1.40289E-10
  6.850E+01  3.16749E-01 -1.15939E-09  1.52051E-09  2.00504E-11 -1.41419E-10
  6.900E+01  3.20816E-01 -1.22489E-09  1.48445E-09  1.94458E-11 -1.42547E-10
  6.950E+01  3.24896E-01 -1.28718E-09  1.44620E-09  1.88305E-11 -1.43672E-10
  7.000E+01  3.28990E-01 -1.34617E-09  1.40591E-09  1.82048E-11 -1.44794E-10
  7.050E+01  3.33097E-01 -1.40179E-09  1.36375E-09  1.75688E-11 -1.45912E-10
  7.100E+01  3.37216E-01 -1.45398E-09  1.31990E-09  1.69228E-11 -1.47025E-10
  7.150E+01  3.41348E-01 -1.50269E-09  1.27453E-09  1.62670E-11 -1.48134E-10
  7.200E+01  3.45492E-01 -1.54788E-09  1.22780E-09  1.56017E-11 -1.49236E-10
  7.250E+01  3.49647E-01 -1.58951E-09  1.17987E-09  1.49269E-11 -1.50333E-10
  7.300E+01  3.53814E-01 -1.62754E-09  1.13091E-09  1.42431E-11 -1.51423E-10
  7.350E+01  3.57992E-01 -1.66195E-09  1.08107E-09  1.35502E-11 -1.52505E-10
  7.400E+01  3.62181E-01 -1.69274E-09  1.03052E-09  1.28486E-11 -1.53579E-10
  7.450E+01  3.66381E-01 -1.71990E-09  9.79401E-10  1.21384E-11 -1.54645E-10
  7.500E+01  3.70590E-01 -1.74341E-09  9.27862E-10  1.14198E-11 -1.55702E-10
  7.550E+01  3.74810E-01 -1.76329E-09  8.76049E-10  1.06929E-11 -1.56748E-10
  7.600E+01  3.79039E-01 -1.77954E-09  8.24103E-10  9.95801E-12 -1.57784E-10
  7.650E+01  3.83277E-01 -1.79220E-09  7.72162E-10  9.21517E-12 -1.58809E-10
  7.700E+01  3.87524E-01 -1.80129E-09  7.20360E-10  8.46457E-12 -1.59822E-10
  7.750E+01  3.91780E-01 -1.80682E-09  6.68829E-10  7.70635E-12 -1.60823E-10
  7.800E+01  3.96044E-01 -1.80884E-09  6.17696E-10  6.94065E-12 -1.61811E-10
  7.850E+01  4.00316E-01 -1.80739E-09  5.67086E-10  6.16762E-12 -1.62784E-10
  7.900E+01  4.04596E-01 -1.80252E-09  5.17121E-10  5.38737E-12 -1.63744E-10
  7.950E+01  4.08882E-01 -1.79428E-09  4.67920E-10  4.60004E-12 -1.64688E-10
  8.000E+01  4.13176E-01 -1.78272E-09  4.19596E-10  3.80572E-12 -1.65617E-10
  8.050E+01  4.17476E-01 -1.76791E-09  3.72262E-10  3.00455E-12 -1.66530E-10
  8.100E+01  4.21783E-01 -1.74992E-09  3.26026E-10  2.19661E-12 -1.67425E-10
  8.150E+01  4.26095E-01 -1.72881E-09  2.80989E-10  1.38202E-12 -1.68303E-10
  8.200E+01  4.30413E-01 -1.70465E-09  2.37252E-10  5.60859E-13 -1.69163E-10
  8.250E+01  4.34737E-01 -1.67752E-09  1.94909E-10 -2.66776E-13 -1.70004E-10
  8.300E+01  4.39065E-01 -1.64751E-09  1.54050E-10 -1.10080E-12 -1.70825E-10
  8.350E+01  4.43398E-01 -1.61470E-09  1.14758E-10 -1.94114E-12 -1.71627E-10
  8.400E+01  4.47736E-01 -1.57916E-09  7.71122E-11 -2.78770E-12 -1.72407E-10
  8.450E+01  4.52077E-01 -1.54100E-09  4.11861E-11 -3.64043E-12 -1.73167E-10
  8.500E+01  4.56422E-01 -1.50031E-09  7.04685E-12 -4.49924E-12 -1.73904E-10
  8.550E+01  4.60770E-01 -1.45718E-09 -2.52439E-11 -5.36408E-12 -1.74619E-10
  8.600E+01  4.65122E-01 -1.41169E-09 -5.56304E-11 -6.23488E-12 -1.75311E-10
  8.650E+01  4.69476E-01 -1.36396E-09 -8.40628E-11 -7.11157E-12 -1.75979E-10
  8.700E+01  4.73832E-01 -1.31409E-09 -1.10497E-10 -7.99411E-12 -1.76623E-10
  8.750E+01  4.78190E-01 -1.26217E-09 -1.34894E-10 -8.88242E-12 -1.77243E-10
  8.800E+01  4.82550E-01 -1.20831E-09 -1.57221E-10 -9.77646E-12 -1.77837E-10
  8.850E+01  4.86912E-01 -1.15260E-09 -1.77451E-10 -1.06762E-11 -1.78406E-10
  8.900E+01  4.91274E-01 -1.09517E-09 -1.95560E-10 -1.15815E-11 -1.78949E-10
  8.950E+01  4.95637E-01 -1.03610E-09 -2.11530E-10 -1.24924E-11 -1.79464E-10
  9.000E+01  5.00000E-01 -9.75510E-10 -2.25348E-10 -1.34088E-11 -1.79953E-10
  9.050E+01  5.04363E-01 -9.13505E-10 -2.37005E-10 -1.43306E-11 -1.80414E-10
  9.100E+01  5.08726E-01 -8.50191E-10 -2.46497E-10 -1.52578E-11 -1.80847E-10
  9.150E+01  5.13088E-01 -7.85668E-10 -2.53823E-10 -1.61904E-11 -1.81252E-10
  9.200E+01  5.17450E-01 -7.20050E-10 -2.58987E-10 -1.71283E-11 -1.81628E-10
  9.250E+01  5.21810E-01 -6.53446E-10 -2.61996E-10 -1.80713E-11 -1.81975E-10
  9.300E+01  5.26168E-01 -5.85953E-10 -2.62862E-10 -1.90196E-11 -1.82292E-10
  9.350E+01  5.30524E-01 -5.17680E-10 -2.61600E-10 -1.99729E-11 -1.82580E-10
  9.400E+01  5.34878E-01 -4.48739E-10 -2.58229E-10 -2.09312E-11 -1.82837E-10
  9.450E+01  5.39230E-01 -3.79224E-10 -2.52772E-10 -2.18945E-11 -1.83063E-10
  9.500E+01  5.43578E-01 -3.09239E-10 -2.45255E-10 -2.28627E-11 -1.83259E-10
  9.550E+01  5.47923E-01 -2.38894E-10 -2.35710E-10 -2.38356E-11 -1.83424E-10
  9.600E+01  5.52264E-01 -1.68283E-10 -2.24170E-10 -2.48133E-11 -1.83557E-10
  9.650E+01  5.56602E-01 -9.75027E-11 -2.10674E-10 -2.57955E-11 -1.83659E-10
  9.700E+01  5.60935E-01 -2.66604E-11 -1.95263E-10 -2.67823E-11 -1.83728E-10
  9.750E+01  5.65263E-01  4.41549E-11 -1.77983E-10 -2.77735E-11 -1.83766E-10
  9.800E+01  5.69587E-01  1.14851E-10 -1.58883E-10 -2.87690E-11 -1.83772E-10
  9.850E+01  5.73905E-01  1.85325E-10 -1.38015E-10 -2.97687E-11 -1.83746E-10
  9.900E+01  5.78217E-01  2.55495E-10 -1.15437E-10 -3.07724E-11 -1.83686E-10
  9.950E+01  5.82524E-01  3.25272E-10 -9.12079E-11 -3.17801E-11 -1.83595E-10
  1.000E+02  5.86824E-01  3.94560E-10 -6.53901E-11 -3.27916E-11 -1.83471E-10
  1.005E+02  5.91118E-01  4.63286E-10 -3.80496E-11 -3.38067E-11 -1.83314E-10
  1.010E+02  5.95404E-01  5.31363E-10 -9.25515E-12 -3.48253E-11 -1.83124E-10
  1.015E+02  5.99684E-01  5.98705E-10  2.09221E-11 -3.58472E-11 -1.82902E-10
  1.020E+02  6.03956E-01  6.65245E-10  5.24084E-11 -3.68723E-11 -1.82646E-10
  1.025E+02  6.08220E-01  7.30900E-10  8.51280E-11 -3.79004E-11 -1.82358E-10
  1.030E+02  6.12476E-01  7.95596E-10  1.19003E-10 -3.89313E-11 -1.82038E-10
  1.035E+02  6.16723E-01  8.59271E-10  1.53953E-10 -3.99647E-11 -1.81684E-10
  1.040E+02  6.20961E-01  9.21846E-10  1.89898E-10 -4.10006E-11 -1.81298E-10
  1.045E+02  6.25190E-01  9.83263E-10  2.26755E-10 -4.20386E-11 -1.80880E-10
  1.050E+02  6.29410E-01  1.04346E-09  2.64440E-10 -4.30785E-11 -1.80429E-10
  1.055E+02  6.33619E-01  1.10237E-09  3.02869E-10 -4.41201E-11 -1.79946E-10
  1.060E+02  6.37819E-01  1.15994E-09  3.41954E-10 -4.51632E-11 -1.79431E-10
  1.065E+02  6.42008E-01  1.21611E-09  3.81612E-10 -4.62075E-11 -1.78884E-10
  1.070E+02  6.46186E-01  1.27083E-09  4.21753E-10 -4.72526E-11 -1.78305E-10
  1.075E+02  6.50353E-01  1.32406E-09  4.62291E-10 -4.82984E-11 -1.77695E-10
  1.080E+02  6.54508E-01  1.37574E-09  5.03139E-10 -4.93446E-11 -1.77054E-10
  1.085E+02  6.58652E-01  1.42583E-09  5.44208E-10 -5.03907E-11 -1.76382E-10
  1.090E+02  6.62784E-01  1.47429E-09  5.85409E-10 -5.14366E-11 -1.75679E-10
  1.095E+02  6.66903E-01  1.52108E-09  6.26656E-10 -5.24819E-11 -1.74946E-10
  1.100E+02  6.71010E-01  1.56616E-09  6.67860E-10 -5.35262E-11 -1.74182E-10
  1.105E+02  6.75104E-01  1.60950E-09  7.08934E-10 -5.45693E-11 -1.73389E-10
  1.110E+02  6.79184E-01  1.65108E-09  7.49788E-10 -5.56107E-11 -1.72567E-10
  1.115E+02  6.83251E-01  1.69085E-09  7.90336E-10 -5.66501E-11 -1.71715E-10
  1.120E+02  6.87303E-01  1.72880E-09  8.30492E-10 -5.76870E-11 -1.70835E-10
  1.125E+02  6.91342E-01  1.76490E-09  8.70168E-10 -5.87212E-11 -1.69927E-10
  1.130E+02  6.95366E-01  1.79914E-09  9.09278E-10 -5.97522E-11 -1.68991E-10
  1.135E+02  6.99375E-01  1.83149E-09  9.47737E-10 -6.07796E-11 -1.68027E-10
  1.140E+02  7.03368E-01  1.86194E-09  9.85462E-10 -6.18030E-11 -1.67037E-10
  1.145E+02  7.07347E-01  1.89048E-09  1.02237E-09 -6.28219E-11 -1.66020E-10
  1.150E+02  7.11309E-01  1.91709E-09  1.05837E-09 -6.38359E-11 -1.64977E-10
  1.155E+02  7.15256E-01  1.94178E-09  1.09339E-09 -6.48445E-11 -1.63909E-10
  1.160E+02  7.19186E-01  1.96453E-09  1.12735E-09 -6.58474E-11 -1.62815E-10
  1.165E+02  7.23099E-01  1.98534E-09  1.16017E-09 -6.68439E-11 -1.61698E-10
  1.170E+02  7.26995E-01  2.00421E-09  1.19177E-09 -6.78336E-11 -1.60556E-10
  1.175E+02  7.30874E-01  2.02115E-09  1.22207E-09 -6.88161E-11 -1.59390E-10
  1.180E+02  7.34736E-01  2.03615E-09  1.25100E-09 -6.97908E-11 -1.58202E-10
  1.185E+02  7.38579E-01  2.04923E-09  1.27850E-09 -7.07573E-11 -1.56992E-10
  1.190E+02  7.42405E-01  2.06038E-09  1.30448E-09 -7.17149E-11 -1.55760E-10
  1.195E+02  7.46212E-01  2.06964E-09  1.32889E-09 -7.26633E-11 -1.54507E-10
  1.200E+02  7.50000E-01  2.07699E-09  1.35165E-09 -7.36018E-11 -1.53233E-10
  1.205E+02  7.53769E-01  2.08246E-09  1.37270E-09 -7.45299E-11 -1.51939E-10
  1.210E+02  7.57519E-01  2.08606E-09  1.39198E-09 -7.54471E-11 -1.50626E-10
  1.215E+02  7.61249E-01  2.08782E-09  1.40943E-09 -7.63528E-11 -1.49294E-10
  1.220E+02  7.64960E-01  2.08775E-09  1.42499E-09 -7.72464E-11 -1.47944E-10
  1.225E+02  7.68650E-01  2.08587E-09  1.43862E-09 -7.81275E-11 -1.46577E-10
  1.230E+02  7.72320E-01  2.08220E-09  1.45026E-09 -7.89954E-11 -1.45192E-10
  1.235E+02  7.75968E-01  2.07678E-09  1.45985E-09 -7.98495E-11 -1.43792E-10
  1.240E+02  7.79596E-01  2.06962E-09  1.46737E-09 -8.06894E-11 -1.42376E-10
  1.245E+02  7.83203E-01  2.06076E-09  1.47275E-09 -8.15143E-11 -1.40945E-10
  1.250E+02  7.86788E-01  2.05022E-09  1.47596E-09 -8.23238E-11 -1.39500E-10
  1.255E+02  7.90351E-01  2.03803E-09  1.47697E-09 -8.31173E-11 -1.38041E-10
  1.260E+02  7.93893E-01  2.02422E-09  1.47574E-09 -8.38940E-11 -1.36570E-10
  1.265E+02  7.97411E-01  2.00883E-09  1.47224E-09 -8.46536E-11 -1.35086E-10
  1.270E+02  8.00908E-01  1.99189E-09  1.46643E-09 -8.53953E-11 -1.33590E-10
  1.275E+02  8.04381E-01  1.97343E-09  1.45830E-09 -8.61186E-11 -1.32084E-10
  1.280E+02  8.07831E-01  1.95349E-09  1.44782E-09 -8.68229E-11 -1.30567E-10
  1.285E+02  8.11257E-01  1.93211E-09  1.43497E-09 -8.75076E-11 -1.29041E-10
  1.290E+02  8.14660E-01  1.90932E-09  1.41973E-09 -8.81721E-11 -1.27505E-10
  1.295E+02  8.18039E-01  1.88516E-09  1.40210E-09 -8.88159E-11 -1.25962E-10
  1.300E+02  8.21394E-01  1.85968E-09  1.38205E-09 -8.94383E-11 -1.24411E-10
  1.305E+02  8.24724E-01  1.83290E-09  1.35957E-09 -9.00388E-11 -1.22852E-10
  1.310E+02  8.28030E-01  1.80487E-09  1.33468E-09 -9.06168E-11 -1.21288E-10
  1.315E+02  8.31310E-01  1.77564E-09  1.30735E-09 -9.11717E-11 -1.19717E-10
  1.320E+02  8.34565E-01  1.74523E-09  1.27760E-09 -9.17029E-11 -1.18142E-10
  1.325E+02  8.37795E-01  1.71371E-09  1.24542E-09 -9.22100E-11 -1.16562E-10
  1.330E+02  8.40999E-01  1.68109E-09  1.21083E-09 -9.26922E-11 -1.14979E-10
  1.335E+02  8.44177E-01  1.64744E-09  1.17383E-09 -9.31492E-11 -1.13392E-10
  1.340E+02  8.47329E-01  1.61278E-09  1.13443E-09 -9.35803E-11 -1.11803E-10
  1.345E+02  8.50455E-01  1.57717E-09  1.09265E-09 -9.39849E-11 -1.10212E-10
  1.350E+02  8.53553E-01  1.54065E-09  1.04850E-09 -9.43627E-11 -1.08620E-10
  1.355E+02  8.56625E-01  1.50326E-09  1.00202E-09 -9.47130E-11 -1.07027E-10
  1.360E+02  8.59670E-01  1.46504E-09  9.53211E-10 -9.50354E-11 -1.05434E-10
  1.365E+02  8.62687E-01  1.42604E-09  9.02112E-10 -9.53293E-11 -1.03841E-10
  1.370E+02  8.65677E-01  1.38629E-09  8.48749E-10 -9.55942E-11 -1.02250E-10
  1.375E+02  8.68639E-01  1.34586E-09  7.93152E-10 -9.58298E-11 -1.00660E-10
  1.380E+02  8.71572E-01  1.30476E-09  7.35358E-10 -9.60354E-11 -9.90718E-11
  1.385E+02  8.74478E-01  1.26306E-09  6.75401E-10 -9.62108E-11 -9.74868E-11
  1.390E+02  8.77355E-01  1.22079E-09  6.13322E-10 -9.63553E-11 -9.59051E-11
  1.395E+02  8.80203E-01  1.17799E-09  5.49163E-10 -9.64686E-11 -9.43272E-11
  1.400E+02  8.83022E-01  1.13471E-09  4.82969E-10 -9.65503E-11 -9.27536E-11
  1.405E+02  8.85812E-01  1.09099E-09  4.14785E-10 -9.66000E-11 -9.11848E-11
  1.410E+02  8.88573E-01  1.04686E-09  3.44661E-10 -9.66173E-11 -8.96213E-11
  1.415E+02  8.91304E-01  1.00238E-09  2.72650E-10 -9.66018E-11 -8.80636E-11
  1.420E+02  8.94005E-01  9.57574E-10  1.98804E-10 -9.65533E-11 -8.65121E-11
  1.425E+02  8.96677E-01  9.12491E-10  1.23179E-10 -9.64712E-11 -8.49673E-11
  1.430E+02  8.99318E-01  8.67166E-10  4.58343E-11 -9.63554E-11 -8.34297E-11
  1.435E+02  9.01928E-01  8.21644E-10 -3.31704E-11 -9.62055E-11 -8.18997E-11
  1.440E+02  9.04508E-01  7.75957E-10 -1.13773E-10 -9.60212E-11 -8.03776E-11
  1.445E+02  9.07058E-01  7.30145E-10 -1.95909E-10 -9.58023E-11 -7.88639E-11
  1.450E+02  9.09576E-01  6.84247E-10 -2.79513E-10 -9.55486E-11 -7.73590E-11
  1.455E+02  9.12063E-01  6.38298E-10 -3.64517E-10 -9.52597E-11 -7.58631E-11
  1.460E+02  9.14519E-01  5.92332E-10 -4.50851E-10 -9.49356E-11 -7.43768E-11
  1.465E+02  9.16943E-01  5.46388E-10 -5.38445E-10 -9.45759E-11 -7.29003E-11
  1.470E+02  9.19335E-01  5.00500E-10 -6.27226E-10 -9.41806E-11 -7.14339E-11
  1.475E+02  9.21696E-01  4.54698E-10 -7.17119E-10 -9.37495E-11 -6.99780E-11
  1.480E+02  9.24024E-01  4.09018E-10 -8.08049E-10 -9.32825E-11 -6.85329E-11
  1.485E+02  9.26320E-01  3.63494E-10 -8.99939E-10 -9.27795E-11 -6.70987E-11
  1.490E+02  9.28584E-01  3.18155E-10 -9.92712E-10 -9.22403E-11 -6.56759E-11
  1.495E+02  9.30815E-01  2.73031E-10 -1.08629E-09 -9.16650E-11 -6.42646E-11
  1.500E+02  9.33013E-01  2.28155E-10 -1.18059E-09 -9.10534E-11 -6.28650E-11
  1.505E+02  9.35178E-01  1.83557E-10 -1.27553E-09 -9.04056E-11 -6.14774E-11
  1.510E+02  9.37310E-01  1.39263E-10 -1.37103E-09 -8.97216E-11 -6.01020E-11
  1.515E+02  9.39409E-01  9.52990E-11 -1.46701E-09 -8.90015E-11 -5.87389E-11
  1.520E+02  9.41474E-01  5.16963E-11 -1.56338E-09 -8.82451E-11 -5.73884E-11
  1.525E+02  9.43505E-01  8.48145E-12 -1.66006E-09 -8.74527E-11 -5.60506E-11
  1.530E+02  9.45503E-01 -3.43230E-11 -1.75696E-09 -8.66244E-11 -5.47255E-11
  1.535E+02  9.47467E-01 -7.66929E-11 -1.85401E-09 -8.57602E-11 -5.34134E-11
  1.540E+02  9.49397E-01 -1.18602E-10 -1.95111E-09 -8.48603E-11 -5.21143E-11
  1.545E+02  9.51293E-01 -1.60026E-10 -2.04818E-09 -8.39249E-11 -5.08283E-11
  1.550E+02  9.53154E-01 -2.00944E-10 -2.14513E-09 -8.29542E-11 -4.95554E-11
  1.555E+02  9.54981E-01 -2.41337E-10 -2.24188E-09 -8.19483E-11 -4.82958E-11
  1.560E+02  9.56773E-01 -2.81181E-10 -2.33834E-09 -8.09075E-11 -4.70495E-11
  1.565E+02  9.58530E-01 -3.20456E-10 -2.43442E-09 -7.98322E-11 -4.58165E-11
  1.570E+02  9.60252E-01 -3.59142E-10 -2.53005E-09 -7.87225E-11 -4.45967E-11
  1.575E+02  9.61940E-01 -3.97221E-10 -2.62513E-09 -7.75787E-11 -4.33902E-11
  1.580E+02  9.63592E-01 -4.34677E-10 -2.71958E-09 -7.64013E-11 -4.21970E-11
  1.585E+02  9.65209E-01 -4.71491E-10 -2.81331E-09 -7.51906E-11 -4.10170E-11
  1.590E+02  9.66790E-01 -5.07646E-10 -2.90625E-09 -7.39469E-11 -3.98502E-11
  1.595E+02  9.68336E-01 -5.43125E-10 -2.99830E-09 -7.26706E-11 -3.86964E-11
  1.600E+02  9.69846E-01 -5.77914E-10 -3.08939E-09 -7.13623E-11 -3.75556E-11
  1.605E+02  9.71321E-01 -6.12000E-10 -3.17943E-09 -7.00222E-11 -3.64277E-11
  1.610E+02  9.72759E-01 -6.45368E-10 -3.26834E-09 -6.86509E-11 -3.53126E-11
  1.615E+02  9.74162E-01 -6.78004E-10 -3.35605E-09 -6.72489E-11 -3.42101E-11
  1.620E+02  9.75528E-01 -7.09894E-10 -3.44247E-09 -6.58168E-11 -3.31202E-11
  1.625E+02  9.76858E-01 -7.41027E-10 -3.52752E-09 -6.43549E-11 -3.20425E-11
  1.630E+02  9.78152E-01 -7.71391E-10 -3.61113E-09 -6.28639E-11 -3.09771E-11
  1.635E+02  9.79410E-01 -8.00977E-10 -3.69322E-09 -6.13444E-11 -2.99236E-11
  1.640E+02  9.80631E-01 -8.29774E-10 -3.77373E-09 -5.97969E-11 -2.88819E-11
  1.645E+02  9.81815E-01 -8.57771E-10 -3.85256E-09 -5.82221E-11 -2.78517E-11
  1.650E+02  9.82963E-01 -8.84959E-10 -3.92966E-09 -5.66206E-11 -2.68329E-11
  1.655E+02  9.84074E-01 -9.11328E-10 -4.00496E-09 -5.49931E-11 -2.58252E-11
  1.660E+02  9.85148E-01 -9.36870E-10 -4.07838E-09 -5.33403E-11 -2.48284E-11
  1.665E+02  9.86185E-01 -9.61577E-10 -4.14986E-09 -5.16627E-11 -2.38421E-11
  1.670E+02  9.87185E-01 -9.85442E-10 -4.21933E-09 -4.99613E-11 -2.28662E-11
  1.675E+02  9.88148E-01 -1.00846E-09 -4.28674E-09 -4.82366E-11 -2.19003E-11
  1.680E+02  9.89074E-01 -1.03062E-09 -4.35201E-09 -4.64894E-11 -2.09442E-11
  1.685E+02  9.89962E-01 -1.05192E-09 -4.41510E-09 -4.47205E-11 -1.99974E-11
  1.690E+02  9.90814E-01 -1.07235E-09 -4.47594E-09 -4.29307E-11 -1.90598E-11
  1.695E+02  9.91627E-01 -1.09191E-09 -4.53447E-09 -4.11207E-11 -1.81310E-11
  1.700E+02  9.92404E-01 -1.11059E-09 -4.59065E-09 -3.92915E-11 -1.72107E-11
  1.705E+02  9.93143E-01 -1.12838E-09 -4.64443E-09 -3.74437E-11 -1.62985E-11
  1.710E+02  9.93844E-01 -1.14529E-09 -4.69575E-09 -3.55782E-11 -1.53940E-11
  1.715E+02  9.94508E-01 -1.16130E-09 -4.74456E-09 -3.36960E-11 -1.44970E-11
  1.720E+02  9.95134E-01 -1.17642E-09 -4.79083E-09 -3.17978E-11 -1.36069E-11
  1.725E+02  9.95722E-01 -1.19064E-09 -4.83451E-09 -2.98845E-11 -1.27236E-11
  1.730E+02  9.96273E-01 -1.20395E-09 -4.87557E-09 -2.79570E-11 -1.18465E-11
  1.735E+02  9.96786E-01 -1.21636E-09 -4.91395E-09 -2.60162E-11 -1.09753E-11
  1.740E+02  9.97261E-01 -1.22786E-09 -4.94964E-09 -2.40631E-11 -1.01097E-11
  1.745E+02  9.97698E-01 -1.23845E-09 -4.98259E-09 -2.20985E-11 -9.24907E-12
  1.750E+02  9.98097E-01 -1.24813E-09 -5.01278E-09 -2.01233E-11 -8.39318E-12
  1.755E+02  9.98459E-01 -1.25689E-09 -5.04017E-09 -1.81385E-11 -7.54157E-12
  1.760E+02  9.98782E-01 -1.26474E-09 -5.06475E-09 -1.61451E-11 -6.69382E-12
  1.765E+02  9.99067E-01 -1.27166E-09 -5.08649E-09 -1.41439E-11 -5.84951E-12
  1.770E+02  9.99315E-01 -1.27767E-09 -5.10538E-09 -1.21359E-11 -5.00823E-12
  1.775E+02  9.99524E-01 -1.28275E-09 -5.12138E-09 -1.01222E-11 -4.16955E-12
  1.780E+02  9.99695E-01 -1.28691E-09 -5.13450E-09 -8.10358E-12 -3.33303E-12
  1.785E+02  9.99829E-01 -1.29015E-09 -5.14471E-09 -6.08109E-12 -2.49825E-12
  1.790E+02  9.99924E-01 -1.29246E-09 -5.15202E-09 -4.05568E-12 -1.66477E-12
  1.795E+02  9.99981E-01 -1.29385E-09 -5.15640E-09 -2.02833E-12 -8.32169E-13
  1.800E+02  1.00000E+00 -1.29435E-09 -5.15786E-09 -2.84666E-26 -1.16772E-26
